 34
 -1.066000
 0.998053 0.059342 0.019204 0.000000 -0.062353 0.956793 0.284007 0.000000 -0.001520 -0.284652 0.958630 0.000000 -6.767280 -4.740818 -1.199988 1.000000
 -0.966000
 0.998687 -0.011905 -0.049823 0.000000 0.043682 0.705972 0.706892 0.000000 0.026758 -0.708140 0.705565 0.000000 -5.159486 -22.182293 -12.559577 1.000000
 -0.866000
 0.999145 0.022592 -0.034627 0.000000 0.022459 0.406606 0.913328 0.000000 0.034714 -0.913324 0.405751 0.000000 -2.189225 -37.322956 -26.175076 1.000000
 -0.766000
 0.998849 -0.015288 0.045463 0.000000 -0.032364 0.484737 0.874061 0.000000 -0.035401 -0.874526 0.483684 0.000000 -4.094923 -43.933563 -22.509205 1.000000
 -0.666000
 0.993904 -0.004260 -0.110167 0.000000 0.070427 0.793334 0.604699 0.000000 0.084823 -0.608771 0.788798 0.000000 0.743830 -38.164528 -7.359239 1.000000
 -0.566000
 0.986376 -0.033873 -0.160981 0.000000 0.039171 0.998787 0.029852 0.000000 0.159775 -0.035752 0.986506 0.000000 3.027257 -15.575167 2.093500 1.000000
 -0.466000
 0.998053 0.062366 -0.000365 0.000000 -0.062367 0.998036 -0.005849 0.000000 -0.000000 0.005860 0.999983 0.000000 -6.678220 -9.874729 0.103182 1.000000
 -0.366000
 0.996416 0.080365 0.026423 0.000000 -0.080402 0.996763 0.000323 0.000000 -0.026311 -0.002446 0.999651 0.000000 -8.205160 -6.097205 -0.003867 1.000000
 -0.266000
 0.996627 0.078841 0.022807 0.000000 -0.078957 0.996869 0.004204 0.000000 -0.022405 -0.005991 0.999731 0.000000 -7.988515 -1.943964 0.088560 1.000000
 -0.166000
 0.997979 0.063320 0.005417 0.000000 -0.063551 0.994495 0.083314 0.000000 -0.000112 -0.083489 0.996509 0.000000 -6.701585 -1.735605 0.347129 1.000000
 -0.066000
 0.997512 0.069088 0.014000 0.000000 -0.070429 0.985167 0.156481 0.000000 -0.002982 -0.157078 0.987582 0.000000 -6.840769 -1.238104 0.003688 1.000000
 0.033000
 0.999741 0.018685 0.013039 0.000000 -0.022332 0.917036 0.398179 0.000000 -0.004517 -0.398367 0.917215 0.000000 -6.996728 -8.458408 -2.870255 1.000000
 0.133000
 0.996490 0.015985 -0.082175 0.000000 0.058566 0.568289 0.820743 0.000000 0.059818 -0.822674 0.565358 0.000000 -2.911616 -28.836979 -18.698496 1.000000
 0.233000
 0.999202 -0.004472 0.039698 0.000000 -0.034551 0.402078 0.914954 0.000000 -0.020053 -0.915595 0.401603 0.000000 -3.732858 -40.323860 -26.937313 1.000000
 0.333000
 0.999692 -0.005364 -0.024232 0.000000 0.023006 0.566581 0.823685 0.000000 0.009311 -0.823988 0.566530 0.000000 -2.348531 -44.135796 -17.750914 1.000000
 0.433000
 0.990446 -0.012920 -0.137299 0.000000 0.070715 0.902329 0.425209 0.000000 0.118395 -0.430856 0.894621 0.000000 2.027714 -31.697306 -2.621751 1.000000
 0.533000
 0.987500 -0.034390 -0.153821 0.000000 0.016029 0.992759 -0.119052 0.000000 0.156802 0.115098 0.980901 0.000000 2.355388 -8.799849 2.184314 1.000000
 0.633000
 0.997403 0.070851 0.012909 0.000000 -0.070848 0.997487 -0.000737 0.000000 -0.012928 -0.000179 0.999917 0.000000 -7.427163 -8.804870 0.054060 1.000000
 0.733000
 0.996324 0.081193 0.027312 0.000000 -0.081265 0.996691 0.001525 0.000000 -0.027098 -0.003739 0.999626 0.000000 -8.253341 -4.732019 0.012366 1.000000
 0.833000
 0.997142 0.073677 0.016749 0.000000 -0.074057 0.996980 0.023371 0.000000 -0.014977 -0.024545 0.999587 0.000000 -7.561247 -1.482705 0.204752 1.000000
 0.933000
 0.998053 0.062169 0.005017 0.000000 -0.062352 0.992561 0.104573 0.000000 0.001521 -0.104682 0.994505 0.000000 -6.607152 -1.397008 0.323038 1.000000
 1.033000
 0.997447 0.068934 0.018645 0.000000 -0.071302 0.975792 0.206750 0.000000 -0.003941 -0.207552 0.978216 0.000000 -6.888630 -2.349820 -0.405473 1.000000
 1.133000
 0.999691 -0.020411 -0.014188 0.000000 0.024858 0.820887 0.570551 0.000000 0.000001 -0.570727 0.821140 0.000000 -6.852273 -15.325545 -7.172141 1.000000
 1.233000
 0.995783 0.034833 -0.084872 0.000000 0.059586 0.457863 0.887024 0.000000 0.069758 -0.888340 0.453857 0.000000 -1.593115 -33.767941 -23.557377 1.000000
 1.333000
 0.996689 -0.020209 0.078762 0.000000 -0.062399 0.430964 0.900210 0.000000 -0.052136 -0.902143 0.428276 0.000000 -4.738909 -42.545776 -25.767759 1.000000
 1.433000
 0.996845 -0.001436 -0.079357 0.000000 0.059697 0.672466 0.737717 0.000000 0.052305 -0.740127 0.670430 0.000000 -0.578207 -42.372131 -12.589746 1.000000
 1.533000
 0.987562 -0.024649 -0.155285 0.000000 0.059268 0.973140 0.222455 0.000000 0.145631 -0.228892 0.962497 0.000000 2.882888 -23.722824 0.635115 1.000000
 1.633000
 0.996723 0.016511 -0.079193 0.000000 -0.024074 0.995137 -0.095519 0.000000 0.077230 0.097112 0.992273 0.000000 -2.413954 -8.022226 1.396694 1.000000
 1.733000
 0.996776 0.077173 0.021965 0.000000 -0.077182 0.997017 -0.000476 0.000000 -0.021936 -0.001221 0.999759 0.000000 -7.950031 -7.453614 0.008026 1.000000
 1.833000
 0.996425 0.080460 0.025755 0.000000 -0.080559 0.996746 0.002797 0.000000 -0.025447 -0.004862 0.999665 0.000000 -8.161041 -3.343745 0.045421 1.000000
 1.933000
 0.997646 0.067812 0.010202 0.000000 -0.068255 0.996295 0.052326 0.000000 -0.006616 -0.052899 0.998578 0.000000 -7.078323 -1.549459 0.308256 1.000000
 2.033000
 0.997963 0.063185 0.008830 0.000000 -0.063794 0.989980 0.125978 0.000000 -0.000782 -0.126285 0.991994 0.000000 -6.739437 -1.012124 0.230489 1.000000
 2.133000
 0.998053 0.059342 0.019204 0.000000 -0.062353 0.956793 0.284007 0.000000 -0.001521 -0.284651 0.958630 0.000000 -6.767673 -4.746464 -1.189600 1.000000
 2.133000
 0.998053 0.059342 0.019204 0.000000 -0.062353 0.956793 0.284007 0.000000 -0.001521 -0.284651 0.958630 0.000000 -6.767673 -4.746464 -1.189600 1.000000
