m_aniFrameList.size 34
aniFrame
  m_time -1.066000
  m_vertexTransformMat 0.987500 0.034390 0.153822 0.000000 -0.016029 0.992759 -0.119051 0.000000 -0.156802 0.115097 0.980901 0.000000 -2.334871 -8.805527 2.160110 1.000000
aniFrame
  m_time -0.966000
  m_vertexTransformMat 0.997363 -0.071479 -0.012560 0.000000 0.071479 0.997442 -0.000443 0.000000 0.012559 -0.000456 0.999921 0.000000 7.426486 -8.421406 0.021713 1.000000
aniFrame
  m_time -0.866000
  m_vertexTransformMat 0.996345 -0.081567 -0.025358 0.000000 0.081628 0.996662 0.001395 0.000000 0.025159 -0.003460 0.999678 0.000000 8.125040 -4.350962 0.024161 1.000000
aniFrame
  m_time -0.766000
  m_vertexTransformMat 0.997184 -0.074037 -0.011975 0.000000 0.074429 0.996560 0.036453 0.000000 0.009235 -0.037242 0.999264 0.000000 7.184214 -1.868681 0.290431 1.000000
aniFrame
  m_time -0.666000
  m_vertexTransformMat 0.996813 -0.079470 -0.006971 0.000000 0.079775 0.993001 0.087097 0.000000 0.000001 -0.087376 0.996176 0.000000 6.669575 -0.282102 0.387095 1.000000
aniFrame
  m_time -0.566000
  m_vertexTransformMat 0.989884 -0.137646 -0.034395 0.000000 0.141768 0.969183 0.201459 0.000000 0.005605 -0.204297 0.978893 0.000000 7.213900 -2.564264 -0.429333 1.000000
aniFrame
  m_time -0.466000
  m_vertexTransformMat 0.998053 -0.051212 -0.035594 0.000000 0.062367 0.819542 0.569616 0.000000 0.000000 -0.570727 0.821140 0.000000 6.707597 -15.615727 -7.436622 1.000000
aniFrame
  m_time -0.366000
  m_vertexTransformMat 0.995783 -0.034832 0.084870 0.000000 -0.059585 0.457863 0.887024 0.000000 -0.069755 -0.888341 0.453857 0.000000 1.643366 -33.548798 -23.986055 1.000000
aniFrame
  m_time -0.266000
  m_vertexTransformMat 0.996689 0.020210 -0.078764 0.000000 0.062401 0.430964 0.900209 0.000000 0.052138 -0.902143 0.428276 0.000000 4.861857 -42.594902 -26.247274 1.000000
aniFrame
  m_time -0.166000
  m_vertexTransformMat 0.996845 0.001437 0.079355 0.000000 -0.059696 0.672465 0.737717 0.000000 -0.052303 -0.740127 0.670430 0.000000 0.263793 -42.859928 -12.853927 1.000000
aniFrame
  m_time -0.066000
  m_vertexTransformMat 0.987562 0.024649 0.155284 0.000000 -0.059267 0.973140 0.222456 0.000000 -0.145630 -0.228892 0.962497 0.000000 -3.017061 -24.038788 0.675118 1.000000
aniFrame
  m_time 0.033000
  m_vertexTransformMat 0.996727 -0.016161 0.079208 0.000000 0.023699 0.995179 -0.095168 0.000000 -0.077289 0.096734 0.992305 0.000000 2.448850 -7.819860 1.319254 1.000000
aniFrame
  m_time 0.133000
  m_vertexTransformMat 0.996741 -0.077864 -0.021108 0.000000 0.077877 0.996963 -0.000196 0.000000 0.021059 -0.001449 0.999777 0.000000 7.908680 -7.079742 -0.008521 1.000000
aniFrame
  m_time 0.233000
  m_vertexTransformMat 0.996443 -0.080969 -0.023357 0.000000 0.081046 0.996708 0.002359 0.000000 0.023089 -0.004244 0.999725 0.000000 7.996512 -2.958068 0.069917 1.000000
aniFrame
  m_time 0.333000
  m_vertexTransformMat 0.997329 -0.072671 -0.007296 0.000000 0.072966 0.995757 0.056083 0.000000 0.003189 -0.056466 0.998400 0.000000 6.834440 -1.476046 0.365512 1.000000
aniFrame
  m_time 0.433000
  m_vertexTransformMat 0.995454 -0.094350 -0.012989 0.000000 0.095205 0.989482 0.108915 0.000000 0.002576 -0.109656 0.993966 0.000000 6.867573 -0.135978 0.288652 1.000000
aniFrame
  m_time 0.533000
  m_vertexTransformMat 0.988821 -0.142506 -0.043884 0.000000 0.149102 0.947980 0.281253 0.000000 0.001521 -0.284652 0.958630 0.000000 7.026669 -5.276403 -1.307229 1.000000
aniFrame
  m_time 0.633000
  m_vertexTransformMat 0.999384 -0.033603 0.010119 0.000000 0.016568 0.705972 0.708046 0.000000 -0.030936 -0.707442 0.706094 0.000000 4.855155 -22.262842 -12.838723 1.000000
aniFrame
  m_time 0.733000
  m_vertexTransformMat 0.999044 -0.018416 0.039656 0.000000 -0.028751 0.406607 0.913151 0.000000 -0.032941 -0.913418 0.405688 0.000000 2.373585 -37.139042 -26.661983 1.000000
aniFrame
  m_time 0.833000
  m_vertexTransformMat 0.998849 0.015290 -0.045465 0.000000 0.032365 0.484737 0.874061 0.000000 0.035403 -0.874526 0.483684 0.000000 4.086334 -44.135727 -22.989798 1.000000
aniFrame
  m_time 0.933000
  m_vertexTransformMat 0.993904 0.004261 0.110165 0.000000 -0.070426 0.793334 0.604699 0.000000 -0.084821 -0.608772 0.788798 0.000000 -1.037718 -38.659630 -7.462933 1.000000
aniFrame
  m_time 1.033000
  m_vertexTransformMat 0.986376 0.033872 0.160981 0.000000 -0.039171 0.998787 0.029853 0.000000 -0.159775 -0.035752 0.986506 0.000000 -3.068789 -15.735608 2.120793 1.000000
aniFrame
  m_time 1.133000
  m_vertexTransformMat 0.998053 -0.062365 0.000364 0.000000 0.062367 0.998036 -0.005848 0.000000 0.000001 0.005860 0.999983 0.000000 6.707654 -9.457948 0.055622 1.000000
aniFrame
  m_time 1.233000
  m_vertexTransformMat 0.996411 -0.080872 -0.024995 0.000000 0.080911 0.996721 0.000530 0.000000 0.024870 -0.002551 0.999688 0.000000 8.118512 -5.727371 -0.005142 1.000000
aniFrame
  m_time 1.333000
  m_vertexTransformMat 0.996764 -0.078196 -0.018618 0.000000 0.078442 0.996836 0.012841 0.000000 0.017555 -0.014260 0.999744 0.000000 7.669715 -2.060062 0.164967 1.000000
aniFrame
  m_time 1.433000
  m_vertexTransformMat 0.997181 -0.074813 -0.005776 0.000000 0.075034 0.994749 0.069606 0.000000 0.000538 -0.069843 0.997558 0.000000 6.684480 -0.767348 0.412171 1.000000
aniFrame
  m_time 1.533000
  m_vertexTransformMat 0.992788 -0.117682 -0.022849 0.000000 0.119764 0.982013 0.145968 0.000000 0.005260 -0.147652 0.989026 0.000000 7.108971 -0.894418 0.039806 1.000000
aniFrame
  m_time 1.633000
  m_vertexTransformMat 0.993191 -0.103780 -0.052924 0.000000 0.116287 0.910417 0.397011 0.000000 0.006981 -0.400463 0.916287 0.000000 7.250840 -9.059885 -3.124490 1.000000
aniFrame
  m_time 1.733000
  m_vertexTransformMat 0.997403 -0.033477 0.063773 0.000000 -0.033483 0.568414 0.822061 0.000000 -0.063769 -0.822061 0.565817 0.000000 2.697484 -28.708744 -19.034159 1.000000
aniFrame
  m_time 1.833000
  m_vertexTransformMat 0.999287 0.006558 -0.037179 0.000000 0.031406 0.402097 0.915058 0.000000 0.020951 -0.915574 0.401604 0.000000 3.914042 -40.252060 -27.426662 1.000000
aniFrame
  m_time 1.933000
  m_vertexTransformMat 0.999692 0.005365 0.024230 0.000000 -0.023005 0.566581 0.823685 0.000000 -0.009309 -0.823988 0.566530 0.000000 2.142620 -44.516022 -18.172951 1.000000
aniFrame
  m_time 2.033000
  m_vertexTransformMat 0.992417 0.007859 0.122660 0.000000 -0.063408 0.887643 0.456146 0.000000 -0.105294 -0.460465 0.881411 0.000000 -1.607726 -32.996643 -3.434695 1.000000
aniFrame
  m_time 2.133000
  m_vertexTransformMat 0.987500 0.034390 0.153822 0.000000 -0.016029 0.992759 -0.119051 0.000000 -0.156802 0.115097 0.980901 0.000000 -2.334871 -8.805519 2.160110 1.000000
aniFrame
  m_time 2.133000
  m_vertexTransformMat 0.987500 0.034390 0.153822 0.000000 -0.016029 0.992759 -0.119051 0.000000 -0.156802 0.115097 0.980901 0.000000 -2.334871 -8.805519 2.160110 1.000000
