m_aniFrameList.size 34
aniFrame
  m_time -1.066000
  m_vertexTransformMat 0.998534 -0.052271 0.014057 0.000000 0.053438 0.993317 -0.102304 0.000000 -0.008616 0.102905 0.994654 0.000000 -0.255778 -1.878407 -0.986350 1.000000
aniFrame
  m_time -0.966000
  m_vertexTransformMat 0.996927 -0.060997 0.049150 0.000000 0.064228 0.995677 -0.067099 0.000000 -0.044845 0.070049 0.996535 0.000000 -1.007409 -1.449182 -1.858781 1.000000
aniFrame
  m_time -0.866000
  m_vertexTransformMat 0.995506 -0.042846 0.084446 0.000000 0.047430 0.997465 -0.053042 0.000000 -0.081959 0.056809 0.995015 0.000000 -0.931395 -1.207752 -1.681038 1.000000
aniFrame
  m_time -0.766000
  m_vertexTransformMat 0.995789 -0.015218 0.090403 0.000000 0.020651 0.998017 -0.059469 0.000000 -0.089318 0.061085 0.994128 0.000000 -0.589532 -1.344090 -0.786730 1.000000
aniFrame
  m_time -0.666000
  m_vertexTransformMat 0.997070 -0.003237 0.076429 0.000000 0.006812 0.998892 -0.046562 0.000000 -0.076194 0.046946 0.995987 0.000000 -0.209887 -1.619715 -0.629832 1.000000
aniFrame
  m_time -0.566000
  m_vertexTransformMat 0.993430 0.024161 0.111865 0.000000 -0.023141 0.999678 -0.010404 0.000000 -0.112080 0.007746 0.993669 0.000000 0.566740 -1.769485 -1.295761 1.000000
aniFrame
  m_time -0.466000
  m_vertexTransformMat 0.994786 0.042181 0.092852 0.000000 -0.042889 0.999064 0.005636 0.000000 -0.092527 -0.009589 0.995665 0.000000 1.355109 -1.647040 -2.076340 1.000000
aniFrame
  m_time -0.366000
  m_vertexTransformMat 0.998097 0.051738 0.033560 0.000000 -0.052258 0.998524 0.014793 0.000000 -0.032745 -0.016519 0.999327 0.000000 1.512107 -1.314534 -2.364161 1.000000
aniFrame
  m_time -0.266000
  m_vertexTransformMat 0.998811 0.047876 0.009254 0.000000 -0.047744 0.998761 -0.014060 0.000000 -0.009915 0.013602 0.999858 0.000000 1.208878 -1.259412 -1.510046 1.000000
aniFrame
  m_time -0.166000
  m_vertexTransformMat 0.999864 0.015653 0.005183 0.000000 -0.015359 0.998498 -0.052590 0.000000 -0.005998 0.052503 0.998603 0.000000 0.836003 -1.567691 -0.665004 1.000000
aniFrame
  m_time -0.066000
  m_vertexTransformMat 0.999586 -0.027452 0.008593 0.000000 0.028111 0.995606 -0.089325 0.000000 -0.006103 0.089529 0.995966 0.000000 0.238740 -1.857467 -0.698859 1.000000
aniFrame
  m_time 0.033000
  m_vertexTransformMat 0.998072 -0.058180 0.021639 0.000000 0.060048 0.993266 -0.099082 0.000000 -0.015728 0.100190 0.994844 0.000000 -0.531703 -1.812469 -1.214870 1.000000
aniFrame
  m_time 0.133000
  m_vertexTransformMat 0.996322 -0.059886 0.061289 0.000000 0.063617 0.996117 -0.060853 0.000000 -0.057407 0.064528 0.996264 0.000000 -1.134932 -1.408690 -1.955684 1.000000
aniFrame
  m_time 0.233000
  m_vertexTransformMat 0.995413 -0.030701 0.090612 0.000000 0.035984 0.997711 -0.057262 0.000000 -0.088647 0.060260 0.994239 0.000000 -0.816612 -1.219289 -1.385607 1.000000
aniFrame
  m_time 0.333000
  m_vertexTransformMat 0.996409 -0.011758 0.083847 0.000000 0.016538 0.998263 -0.056548 0.000000 -0.083036 0.057731 0.994873 0.000000 -0.488117 -1.427519 -0.610711 1.000000
aniFrame
  m_time 0.433000
  m_vertexTransformMat 0.996432 0.005047 0.084255 0.000000 -0.001912 0.999305 -0.037248 0.000000 -0.084384 0.036954 0.995748 0.000000 0.015440 -1.703956 -0.798107 1.000000
aniFrame
  m_time 0.533000
  m_vertexTransformMat 0.992546 0.031658 0.117686 0.000000 -0.031657 0.999497 -0.001870 0.000000 -0.117686 -0.001870 0.993049 0.000000 0.816120 -1.760178 -1.515630 1.000000
aniFrame
  m_time 0.633000
  m_vertexTransformMat 0.996410 0.046235 0.070926 0.000000 -0.046992 0.998855 0.009052 0.000000 -0.070426 -0.012353 0.997441 0.000000 1.560644 -1.547597 -2.340517 1.000000
aniFrame
  m_time 0.733000
  m_vertexTransformMat 0.998360 0.052991 0.021683 0.000000 -0.053203 0.998540 0.009317 0.000000 -0.021157 -0.010455 0.999721 0.000000 1.405003 -1.230136 -2.155500 1.000000
aniFrame
  m_time 0.833000
  m_vertexTransformMat 0.999187 0.039812 0.006393 0.000000 -0.039627 0.998857 -0.026726 0.000000 -0.007449 0.026451 0.999622 0.000000 1.094752 -1.344898 -1.170257 1.000000
aniFrame
  m_time 0.933000
  m_vertexTransformMat 0.999976 0.002574 0.006360 0.000000 -0.002152 0.997853 -0.065454 0.000000 -0.006515 0.065439 0.997835 0.000000 0.679624 -1.686007 -0.579460 1.000000
aniFrame
  m_time 1.033000
  m_vertexTransformMat 0.999067 -0.041901 0.010478 0.000000 0.042726 0.994283 -0.097862 0.000000 -0.006318 0.098219 0.995145 0.000000 -0.012390 -1.888515 -0.837654 1.000000
aniFrame
  m_time 1.133000
  m_vertexTransformMat 0.997560 -0.061267 0.033467 0.000000 0.064013 0.994037 -0.088277 0.000000 -0.027858 0.090204 0.995533 0.000000 -0.832341 -1.695154 -1.534351 1.000000
aniFrame
  m_time 1.233000
  m_vertexTransformMat 0.995791 -0.053648 0.074319 0.000000 0.057675 0.996920 -0.053137 0.000000 -0.071239 0.057199 0.995818 0.000000 -1.059339 -1.296253 -1.886778 1.000000
aniFrame
  m_time 1.333000
  m_vertexTransformMat 0.995420 -0.020916 0.093280 0.000000 0.026592 0.997843 -0.060022 0.000000 -0.091823 0.062227 0.993829 0.000000 -0.699045 -1.273423 -1.067714 1.000000
aniFrame
  m_time 1.433000
  m_vertexTransformMat 0.996933 -0.008465 0.077797 0.000000 0.012537 0.998569 -0.052001 0.000000 -0.077245 0.052817 0.995612 0.000000 -0.371137 -1.520289 -0.567302 1.000000
aniFrame
  m_time 1.533000
  m_vertexTransformMat 0.995039 0.014788 0.098386 0.000000 -0.012516 0.999642 -0.023674 0.000000 -0.098701 0.022325 0.994867 0.000000 0.286949 -1.752920 -1.038638 1.000000
aniFrame
  m_time 1.633000
  m_vertexTransformMat 0.993192 0.037336 0.110344 0.000000 -0.037813 0.999283 0.002231 0.000000 -0.110181 -0.006388 0.993891 0.000000 1.076581 -1.720732 -1.765395 1.000000
aniFrame
  m_time 1.733000
  m_vertexTransformMat 0.997516 0.049330 0.050292 0.000000 -0.050048 0.998661 0.013122 0.000000 -0.049578 -0.015607 0.998649 0.000000 1.601970 -1.429034 -2.445834 1.000000
aniFrame
  m_time 1.833000
  m_vertexTransformMat 0.998546 0.051934 0.014428 0.000000 -0.051922 0.998650 -0.001208 0.000000 -0.014471 0.000457 0.999895 0.000000 1.306393 -1.211156 -1.855486 1.000000
aniFrame
  m_time 1.933000
  m_vertexTransformMat 0.999581 0.028252 0.006327 0.000000 -0.028017 0.999007 -0.034643 0.000000 -0.007300 0.034451 0.999380 0.000000 1.003371 -1.394194 -0.897875 1.000000
aniFrame
  m_time 2.033000
  m_vertexTransformMat 0.999892 -0.010925 0.009853 0.000000 0.011588 0.997486 -0.069905 0.000000 -0.009065 0.070011 0.997505 0.000000 0.518219 -1.668501 -0.648789 1.000000
aniFrame
  m_time 2.133000
  m_vertexTransformMat 0.998534 -0.052271 0.014057 0.000000 0.053438 0.993317 -0.102304 0.000000 -0.008616 0.102905 0.994654 0.000000 -0.255778 -1.878408 -0.986350 1.000000
aniFrame
  m_time 2.133000
  m_vertexTransformMat 0.998534 -0.052271 0.014057 0.000000 0.053438 0.993317 -0.102304 0.000000 -0.008616 0.102905 0.994654 0.000000 -0.255778 -1.878408 -0.986350 1.000000
