m_aniFrameList.size 34
aniFrame
  m_time -1.066000
  m_vertexTransformMat -0.877230 -0.477076 0.053533 0.000000 -0.461368 0.806977 -0.368682 0.000000 0.132690 -0.348118 -0.928013 0.000000 33.448559 2.648386 -36.491215 1.000000
aniFrame
  m_time -0.966000
  m_vertexTransformMat -0.960752 -0.277358 0.005329 0.000000 -0.213784 0.728019 -0.651372 0.000000 0.176784 -0.626946 -0.758740 0.000000 35.178841 -7.425075 -32.734322 1.000000
aniFrame
  m_time -0.866000
  m_vertexTransformMat -0.982286 -0.185023 -0.029702 0.000000 -0.094887 0.627782 -0.772585 0.000000 0.161592 -0.756080 -0.634217 0.000000 35.087109 -11.399672 -29.473389 1.000000
aniFrame
  m_time -0.766000
  m_vertexTransformMat -0.951115 -0.292250 0.099847 0.000000 -0.283111 0.695885 -0.659994 0.000000 0.123401 -0.655999 -0.744606 0.000000 33.392582 -4.687399 -34.645618 1.000000
aniFrame
  m_time -0.666000
  m_vertexTransformMat -0.822985 -0.509123 0.251970 0.000000 -0.567604 0.719178 -0.400760 0.000000 0.022825 -0.472839 -0.880853 0.000000 27.569168 6.811354 -41.424072 1.000000
aniFrame
  m_time -0.566000
  m_vertexTransformMat -0.642967 -0.699649 0.311584 0.000000 -0.753893 0.649887 -0.096398 0.000000 -0.135050 -0.296882 -0.945316 0.000000 19.315559 16.889816 -44.621532 1.000000
aniFrame
  m_time -0.466000
  m_vertexTransformMat -0.636853 -0.714284 0.290201 0.000000 -0.706201 0.691468 0.152163 0.000000 -0.309352 -0.108034 -0.944791 0.000000 16.711042 20.772305 -44.993240 1.000000
aniFrame
  m_time -0.366000
  m_vertexTransformMat -0.812340 -0.537284 0.226783 0.000000 -0.458057 0.828512 0.322106 0.000000 -0.360955 0.157780 -0.919140 0.000000 21.592869 18.999813 -43.765888 1.000000
aniFrame
  m_time -0.266000
  m_vertexTransformMat -0.868094 -0.471521 0.155184 0.000000 -0.426466 0.868405 0.252982 0.000000 -0.254048 0.153431 -0.954944 0.000000 25.636890 15.660774 -41.618664 1.000000
aniFrame
  m_time -0.166000
  m_vertexTransformMat -0.870454 -0.484347 0.087855 0.000000 -0.481774 0.874875 0.049867 0.000000 -0.101015 0.001080 -0.994884 0.000000 29.169237 11.462672 -39.187767 1.000000
aniFrame
  m_time -0.066000
  m_vertexTransformMat -0.864917 -0.498410 0.059223 0.000000 -0.498901 0.840799 -0.210133 0.000000 0.054937 -0.211294 -0.975878 0.000000 32.001595 6.379991 -37.524826 1.000000
aniFrame
  m_time 0.033000
  m_vertexTransformMat -0.897547 -0.438378 0.047259 0.000000 -0.410272 0.791090 -0.453710 0.000000 0.161510 -0.426615 -0.889895 0.000000 34.190922 0.033194 -35.719681 1.000000
aniFrame
  m_time 0.133000
  m_vertexTransformMat -0.971244 -0.237384 -0.018277 0.000000 -0.151881 0.676866 -0.720267 0.000000 0.183351 -0.696779 -0.693456 0.000000 35.366959 -9.848806 -30.928749 1.000000
aniFrame
  m_time 0.233000
  m_vertexTransformMat -0.978989 -0.203910 0.001211 0.000000 -0.135223 0.644747 -0.752341 0.000000 0.152629 -0.736697 -0.658773 0.000000 34.808174 -9.955565 -30.622646 1.000000
aniFrame
  m_time 0.333000
  m_vertexTransformMat -0.920804 -0.357531 0.155859 0.000000 -0.377386 0.715825 -0.587516 0.000000 0.098487 -0.599806 -0.794061 0.000000 31.983875 -1.123523 -37.059216 1.000000
aniFrame
  m_time 0.433000
  m_vertexTransformMat -0.760967 -0.583375 0.283907 0.000000 -0.648258 0.701405 -0.296297 0.000000 -0.026282 -0.409517 -0.911924 0.000000 24.786489 10.652158 -42.979591 1.000000
aniFrame
  m_time 0.533000
  m_vertexTransformMat -0.604200 -0.733206 0.312013 0.000000 -0.774339 0.632642 -0.012817 0.000000 -0.187995 -0.249348 -0.949992 0.000000 17.289391 18.971268 -44.879093 1.000000
aniFrame
  m_time 0.633000
  m_vertexTransformMat -0.695743 -0.664853 0.271868 0.000000 -0.624351 0.746899 0.228753 0.000000 -0.355145 -0.010588 -0.934751 0.000000 17.996698 20.684364 -44.828156 1.000000
aniFrame
  m_time 0.733000
  m_vertexTransformMat -0.843895 -0.496351 0.203657 0.000000 -0.420805 0.847835 0.322645 0.000000 -0.332813 0.186579 -0.924351 0.000000 23.117788 17.896837 -43.104786 1.000000
aniFrame
  m_time 0.833000
  m_vertexTransformMat -0.872321 -0.471366 0.129886 0.000000 -0.443286 0.874543 0.196653 0.000000 -0.206286 0.113968 -0.971832 0.000000 26.865360 14.369073 -40.772663 1.000000
aniFrame
  m_time 0.933000
  m_vertexTransformMat -0.867291 -0.492313 0.073718 0.000000 -0.495602 0.867843 -0.035017 0.000000 -0.046737 -0.066905 -0.996664 0.000000 30.211006 9.856693 -38.549095 1.000000
aniFrame
  m_time 1.033000
  m_vertexTransformMat -0.868721 -0.492092 0.056300 0.000000 -0.485540 0.823623 -0.293083 0.000000 0.097853 -0.281943 -0.954428 0.000000 32.767223 4.537261 -37.036163 1.000000
aniFrame
  m_time 1.133000
  m_vertexTransformMat -0.926942 -0.373801 0.032433 0.000000 -0.328198 0.765884 -0.552908 0.000000 0.181838 -0.523158 -0.832611 0.000000 34.889149 -3.454162 -34.474323 1.000000
aniFrame
  m_time 1.233000
  m_vertexTransformMat -0.980118 -0.195169 -0.035767 0.000000 -0.099049 0.637443 -0.764105 0.000000 0.171928 -0.745370 -0.644100 0.000000 35.263481 -11.470228 -29.562704 1.000000
aniFrame
  m_time 1.333000
  m_vertexTransformMat -0.969631 -0.240160 0.046248 0.000000 -0.200017 0.669862 -0.715038 0.000000 0.140743 -0.702573 -0.697555 0.000000 34.291492 -7.682876 -32.421711 1.000000
aniFrame
  m_time 1.433000
  m_vertexTransformMat -0.877639 -0.431725 0.208240 0.000000 -0.474909 0.724384 -0.499730 0.000000 0.064900 -0.537477 -0.840777 0.000000 30.021978 2.795694 -39.403027 1.000000
aniFrame
  m_time 1.533000
  m_vertexTransformMat -0.698194 -0.648500 0.303272 0.000000 -0.711431 0.675806 -0.192753 0.000000 -0.079953 -0.350336 -0.933206 0.000000 21.929153 14.074208 -44.028061 1.000000
aniFrame
  m_time 1.633000
  m_vertexTransformMat -0.600786 -0.739131 0.304535 0.000000 -0.760299 0.646005 0.067989 0.000000 -0.246985 -0.190691 -0.950071 0.000000 16.370901 20.231342 -44.984329 1.000000
aniFrame
  m_time 1.733000
  m_vertexTransformMat -0.759401 -0.600492 0.250441 0.000000 -0.533699 0.795088 0.288099 0.000000 -0.372123 0.085123 -0.924272 0.000000 19.767647 20.036200 -44.404423 1.000000
aniFrame
  m_time 1.833000
  m_vertexTransformMat -0.859625 -0.477421 0.181973 0.000000 -0.415548 0.860526 0.294645 0.000000 -0.297262 0.177665 -0.938121 0.000000 24.369125 16.787062 -42.454422 1.000000
aniFrame
  m_time 1.933000
  m_vertexTransformMat -0.881519 -0.457016 0.118574 0.000000 -0.443836 0.887760 0.122034 0.000000 -0.161037 0.054948 -0.985418 0.000000 28.038879 12.530089 -40.284882 1.000000
aniFrame
  m_time 2.033000
  m_vertexTransformMat -0.880281 -0.468430 0.075356 0.000000 -0.474428 0.870678 -0.129759 0.000000 -0.004828 -0.149976 -0.988678 0.000000 31.197445 7.556732 -38.365395 1.000000
aniFrame
  m_time 2.133000
  m_vertexTransformMat -0.877230 -0.477076 0.053533 0.000000 -0.461368 0.806977 -0.368682 0.000000 0.132690 -0.348118 -0.928013 0.000000 33.448555 2.648384 -36.491219 1.000000
aniFrame
  m_time 2.133000
  m_vertexTransformMat -0.877230 -0.477076 0.053533 0.000000 -0.461368 0.806977 -0.368682 0.000000 0.132690 -0.348118 -0.928013 0.000000 33.448555 2.648384 -36.491219 1.000000
