m_aniFrameList.size 34
aniFrame
  m_time -1.066000
  m_vertexTransformMat 1.000000 -0.000000 -0.000000 0.000000 0.000000 0.993439 0.114366 0.000000 0.000000 -0.114366 0.993439 0.000000 -0.232182 -0.987477 -1.613136 1.000000
aniFrame
  m_time -0.966000
  m_vertexTransformMat 0.994149 -0.016333 0.106773 0.000000 0.000499 0.989186 0.146667 0.000000 -0.108014 -0.145756 0.983407 0.000000 -0.572023 -0.557345 -2.429830 1.000000
aniFrame
  m_time -0.866000
  m_vertexTransformMat 0.984017 -0.032627 0.175062 0.000000 0.003068 0.986033 0.166522 0.000000 -0.178050 -0.163323 0.970373 0.000000 -0.329570 -0.197587 -2.147324 1.000000
aniFrame
  m_time -0.766000
  m_vertexTransformMat 0.987275 -0.031428 0.155887 0.000000 0.006925 0.987843 0.155302 0.000000 -0.158873 -0.152247 0.975490 0.000000 -0.170867 -0.266423 -1.223388 1.000000
aniFrame
  m_time -0.666000
  m_vertexTransformMat 0.998672 -0.007714 0.050940 0.000000 0.000889 0.991159 0.132674 0.000000 -0.051513 -0.132453 0.989850 0.000000 -0.289472 -0.665105 -1.070655 1.000000
aniFrame
  m_time -0.566000
  m_vertexTransformMat 0.996003 0.082112 -0.035138 0.000000 -0.076674 0.987861 0.135100 0.000000 0.045805 -0.131866 0.990209 0.000000 0.146175 -0.855469 -1.539296 1.000000
aniFrame
  m_time -0.466000
  m_vertexTransformMat 0.986542 0.077003 -0.144239 0.000000 -0.055964 0.987902 0.144629 0.000000 0.153631 -0.134610 0.978917 0.000000 0.332983 -0.755315 -2.172627 1.000000
aniFrame
  m_time -0.366000
  m_vertexTransformMat 0.977018 0.039780 -0.209413 0.000000 -0.005471 0.986788 0.161924 0.000000 0.213087 -0.157057 0.964327 0.000000 0.217426 -0.357919 -2.383079 1.000000
aniFrame
  m_time -0.266000
  m_vertexTransformMat 0.990549 0.029150 -0.134028 0.000000 -0.007174 0.986829 0.161610 0.000000 0.136974 -0.159121 0.977711 0.000000 0.445704 -0.172815 -1.736022 1.000000
aniFrame
  m_time -0.166000
  m_vertexTransformMat 0.998139 0.010074 -0.060141 0.000000 -0.001534 0.990095 0.140388 0.000000 0.060959 -0.140035 0.988268 0.000000 0.500402 -0.520320 -1.068347 1.000000
aniFrame
  m_time -0.066000
  m_vertexTransformMat 0.999784 0.002281 -0.020650 0.000000 0.000208 0.992802 0.119768 0.000000 0.020775 -0.119747 0.992587 0.000000 0.143448 -0.906650 -1.255152 1.000000
aniFrame
  m_time 0.033000
  m_vertexTransformMat 0.999620 -0.003511 0.027364 0.000000 0.000253 0.992993 0.118176 0.000000 -0.027587 -0.118124 0.992616 0.000000 -0.389843 -0.933220 -1.847438 1.000000
aniFrame
  m_time 0.133000
  m_vertexTransformMat 0.990584 -0.021740 0.135169 0.000000 0.000853 0.988273 0.152698 0.000000 -0.136903 -0.151144 0.978986 0.000000 -0.608006 -0.502896 -2.498200 1.000000
aniFrame
  m_time 0.233000
  m_vertexTransformMat 0.982799 -0.034900 0.181352 0.000000 0.004516 0.986229 0.165321 0.000000 -0.184624 -0.161658 0.969423 0.000000 -0.229500 -0.154685 -1.826262 1.000000
aniFrame
  m_time 0.333000
  m_vertexTransformMat 0.992006 -0.027588 0.123144 0.000000 0.009198 0.989023 0.147477 0.000000 -0.125860 -0.145166 0.981370 0.000000 -0.232371 -0.390135 -1.064350 1.000000
aniFrame
  m_time 0.433000
  m_vertexTransformMat 0.999627 0.017166 0.021252 0.000000 -0.019785 0.991332 0.129882 0.000000 -0.018839 -0.130254 0.991302 0.000000 -0.184503 -0.768356 -1.186005 1.000000
aniFrame
  m_time 0.533000
  m_vertexTransformMat 0.993066 0.098644 -0.063949 0.000000 -0.089073 0.986376 0.138307 0.000000 0.076721 -0.131652 0.988323 0.000000 0.254684 -0.854704 -1.706085 1.000000
aniFrame
  m_time 0.633000
  m_vertexTransformMat 0.981300 0.057177 -0.183798 0.000000 -0.029741 0.988435 0.148701 0.000000 0.190174 -0.140454 0.971651 0.000000 0.320756 -0.647867 -2.382857 1.000000
aniFrame
  m_time 0.733000
  m_vertexTransformMat 0.981020 0.036858 -0.190374 0.000000 -0.004887 0.986156 0.165748 0.000000 0.193847 -0.161672 0.967619 0.000000 0.267704 -0.221784 -2.232323 1.000000
aniFrame
  m_time 0.833000
  m_vertexTransformMat 0.993703 0.022831 -0.109696 0.000000 -0.005527 0.987817 0.155524 0.000000 0.111910 -0.153939 0.981722 0.000000 0.476695 -0.256029 -1.458234 1.000000
aniFrame
  m_time 0.933000
  m_vertexTransformMat 0.999198 0.005490 -0.039667 0.000000 -0.000180 0.991165 0.132636 0.000000 0.040045 -0.132523 0.990371 0.000000 0.458031 -0.666442 -1.034419 1.000000
aniFrame
  m_time 1.033000
  m_vertexTransformMat 0.999903 0.001630 -0.013815 0.000000 -0.000018 0.993269 0.115831 0.000000 0.013911 -0.115819 0.993173 0.000000 -0.060247 -0.973039 -1.436550 1.000000
aniFrame
  m_time 1.133000
  m_vertexTransformMat 0.997865 -0.008790 0.064723 0.000000 0.000451 0.991808 0.127741 0.000000 -0.065316 -0.127439 0.989694 0.000000 -0.543603 -0.818040 -2.150206 1.000000
aniFrame
  m_time 1.233000
  m_vertexTransformMat 0.986921 -0.027791 0.158790 0.000000 0.001651 0.986718 0.162432 0.000000 -0.161195 -0.160045 0.973860 0.000000 -0.479385 -0.346539 -2.389564 1.000000
aniFrame
  m_time 1.333000
  m_vertexTransformMat 0.983736 -0.034086 0.176359 0.000000 0.005243 0.986861 0.161488 0.000000 -0.179546 -0.157937 0.970989 0.000000 -0.167084 -0.181823 -1.496229 1.000000
aniFrame
  m_time 1.433000
  m_vertexTransformMat 0.996116 -0.020483 0.085632 0.000000 0.008381 0.990205 0.139370 0.000000 -0.087648 -0.138111 0.986531 0.000000 -0.293221 -0.530282 -1.026795 1.000000
aniFrame
  m_time 1.533000
  m_vertexTransformMat 0.998672 0.051034 -0.007102 0.000000 -0.049661 0.990092 0.131350 0.000000 0.013735 -0.130823 0.991311 0.000000 -0.019234 -0.829995 -1.353268 1.000000
aniFrame
  m_time 1.633000
  m_vertexTransformMat 0.990453 0.094190 -0.100650 0.000000 -0.079513 0.986808 0.141024 0.000000 0.112606 -0.131675 0.984876 0.000000 0.306858 -0.824914 -1.913096 1.000000
aniFrame
  m_time 1.733000
  m_vertexTransformMat 0.977058 0.044265 -0.208324 0.000000 -0.011786 0.987902 0.154633 0.000000 0.212648 -0.148630 0.965759 0.000000 0.256380 -0.509522 -2.453001 1.000000
aniFrame
  m_time 1.833000
  m_vertexTransformMat 0.986362 0.033697 -0.161103 0.000000 -0.006638 0.986166 0.165632 0.000000 0.164456 -0.162304 0.972940 0.000000 0.368323 -0.153607 -2.009859 1.000000
aniFrame
  m_time 1.933000
  m_vertexTransformMat 0.996406 0.016277 -0.083124 0.000000 -0.003363 0.988192 0.153188 0.000000 0.084636 -0.152357 0.984695 0.000000 0.532424 -0.319097 -1.240619 1.000000
aniFrame
  m_time 2.033000
  m_vertexTransformMat 0.999722 0.002725 -0.023412 0.000000 0.000417 0.991090 0.133190 0.000000 0.023566 -0.133163 0.990814 0.000000 0.380537 -0.673730 -1.144193 1.000000
aniFrame
  m_time 2.133000
  m_vertexTransformMat 1.000000 -0.000000 -0.000000 0.000000 0.000000 0.993439 0.114366 0.000000 0.000000 -0.114366 0.993439 0.000000 -0.232182 -0.987479 -1.613136 1.000000
aniFrame
  m_time 2.133000
  m_vertexTransformMat 1.000000 -0.000000 -0.000000 0.000000 0.000000 0.993439 0.114366 0.000000 0.000000 -0.114366 0.993439 0.000000 -0.232182 -0.987479 -1.613136 1.000000
