m_aniFrameList.size 34
aniFrame
  m_time -1.066000
  m_vertexTransformMat -0.116998 0.144999 0.982490 0.000000 0.880439 0.472862 0.035059 0.000000 -0.459499 0.869124 -0.182987 0.000000 -11.697306 15.771277 -5.815845 1.000000
aniFrame
  m_time -0.966000
  m_vertexTransformMat -0.243080 -0.098698 0.964972 0.000000 0.717299 0.651397 0.247315 0.000000 -0.652989 0.752291 -0.087545 0.000000 -17.350697 9.224409 -6.468708 1.000000
aniFrame
  m_time -0.866000
  m_vertexTransformMat -0.225484 -0.259007 0.939187 0.000000 0.582911 0.736557 0.343074 0.000000 -0.780623 0.624820 -0.015104 0.000000 -19.003057 3.896821 -6.224055 1.000000
aniFrame
  m_time -0.766000
  m_vertexTransformMat -0.096607 -0.184082 0.978152 0.000000 0.608719 0.766607 0.204390 0.000000 -0.787482 0.615165 0.037994 0.000000 -17.682760 3.416161 -3.642840 1.000000
aniFrame
  m_time -0.666000
  m_vertexTransformMat 0.060336 -0.007381 0.998151 0.000000 0.656744 0.753340 -0.034128 0.000000 -0.751695 0.657589 0.050301 0.000000 -15.322991 4.897722 -2.163435 1.000000
aniFrame
  m_time -0.566000
  m_vertexTransformMat 0.203998 0.206366 0.956973 0.000000 0.645090 0.706950 -0.289964 0.000000 -0.736372 0.676486 0.011092 0.000000 -12.828457 7.100338 -2.866497 1.000000
aniFrame
  m_time -0.466000
  m_vertexTransformMat 0.296613 0.461518 0.836075 0.000000 0.501045 0.670098 -0.547653 0.000000 -0.813003 0.581352 -0.032481 0.000000 -11.270992 9.666949 -5.436422 1.000000
aniFrame
  m_time -0.366000
  m_vertexTransformMat 0.296301 0.706456 0.642749 0.000000 0.286948 0.576033 -0.765407 0.000000 -0.910970 0.411226 -0.032037 0.000000 -11.461597 12.521540 -8.802589 1.000000
aniFrame
  m_time -0.266000
  m_vertexTransformMat 0.262866 0.657822 0.705813 0.000000 0.384332 0.599605 -0.701971 0.000000 -0.884981 0.455790 -0.095207 0.000000 -11.557674 14.048732 -8.389813 1.000000
aniFrame
  m_time -0.166000
  m_vertexTransformMat 0.172601 0.468687 0.866338 0.000000 0.636889 0.617840 -0.461137 0.000000 -0.751387 0.631353 -0.191862 0.000000 -11.055698 15.344488 -6.891514 1.000000
aniFrame
  m_time -0.066000
  m_vertexTransformMat 0.003023 0.255609 0.966776 0.000000 0.835655 0.530357 -0.142836 0.000000 -0.549246 0.808323 -0.211998 0.000000 -10.887129 16.036671 -5.969072 1.000000
aniFrame
  m_time 0.033000
  m_vertexTransformMat -0.175768 0.085920 0.980675 0.000000 0.866847 0.485642 0.112818 0.000000 -0.466563 0.869925 -0.159840 0.000000 -12.962188 14.874097 -5.925187 1.000000
aniFrame
  m_time 0.133000
  m_vertexTransformMat -0.276700 -0.171299 0.945565 0.000000 0.677585 0.662957 0.318383 0.000000 -0.681408 0.728797 -0.067370 0.000000 -18.344585 7.666718 -6.836651 1.000000
aniFrame
  m_time 0.233000
  m_vertexTransformMat -0.187726 -0.248753 0.950201 0.000000 0.581983 0.751126 0.311617 0.000000 -0.791236 0.611499 0.003764 0.000000 -18.714300 3.450687 -5.448110 1.000000
aniFrame
  m_time 0.333000
  m_vertexTransformMat -0.045727 -0.133558 0.989986 0.000000 0.627520 0.767245 0.132494 0.000000 -0.777257 0.627294 0.048726 0.000000 -16.981585 3.749388 -2.903730 1.000000
aniFrame
  m_time 0.433000
  m_vertexTransformMat 0.112236 0.063211 0.991669 0.000000 0.661710 0.739760 -0.122045 0.000000 -0.741312 0.669895 0.041201 0.000000 -14.439928 5.615012 -2.179727 1.000000
aniFrame
  m_time 0.533000
  m_vertexTransformMat 0.239917 0.274115 0.931290 0.000000 0.622563 0.692630 -0.364252 0.000000 -0.744886 0.667177 -0.004480 0.000000 -12.201288 7.791059 -3.408020 1.000000
aniFrame
  m_time 0.633000
  m_vertexTransformMat 0.307939 0.566165 0.764612 0.000000 0.414768 0.643387 -0.643446 0.000000 -0.856237 0.515278 -0.036703 0.000000 -11.109103 10.749698 -6.800360 1.000000
aniFrame
  m_time 0.733000
  m_vertexTransformMat 0.286380 0.718500 0.633833 0.000000 0.283441 0.568398 -0.772389 0.000000 -0.915231 0.400851 -0.040874 0.000000 -11.607907 13.115862 -9.021199 1.000000
aniFrame
  m_time 0.833000
  m_vertexTransformMat 0.242320 0.604597 0.758778 0.000000 0.462417 0.615566 -0.638161 0.000000 -0.852908 0.505511 -0.130412 0.000000 -11.431940 14.506461 -7.902548 1.000000
aniFrame
  m_time 0.933000
  m_vertexTransformMat 0.122741 0.394631 0.910605 0.000000 0.717652 0.598475 -0.356095 0.000000 -0.685500 0.697205 -0.209751 0.000000 -10.884620 15.677757 -6.486216 1.000000
aniFrame
  m_time 1.033000
  m_vertexTransformMat -0.059246 0.196280 0.978756 0.000000 0.867241 0.495674 -0.046906 0.000000 -0.494351 0.846039 -0.199589 0.000000 -11.165392 16.001354 -5.849449 1.000000
aniFrame
  m_time 1.133000
  m_vertexTransformMat -0.232314 0.006663 0.972618 0.000000 0.821774 0.536273 0.192610 0.000000 -0.520305 0.844018 -0.130059 0.000000 -14.953751 13.015693 -6.234525 1.000000
aniFrame
  m_time 1.233000
  m_vertexTransformMat -0.257902 -0.235534 0.937023 0.000000 0.613647 0.709168 0.347157 0.000000 -0.746274 0.664533 -0.038361 0.000000 -18.973726 5.250606 -6.715023 1.000000
aniFrame
  m_time 1.333000
  m_vertexTransformMat -0.144319 -0.223160 0.964040 0.000000 0.592082 0.761123 0.264823 0.000000 -0.792850 0.609010 0.022285 0.000000 -18.268789 3.303779 -4.539142 1.000000
aniFrame
  m_time 1.433000
  m_vertexTransformMat 0.007086 -0.073839 0.997245 0.000000 0.644584 0.762771 0.051897 0.000000 -0.764501 0.642440 0.053000 0.000000 -16.186003 4.259305 -2.406797 1.000000
aniFrame
  m_time 1.533000
  m_vertexTransformMat 0.160801 0.135302 0.977669 0.000000 0.658058 0.723562 -0.208369 0.000000 -0.735597 0.676869 0.027313 0.000000 -13.590468 6.363403 -2.431685 1.000000
aniFrame
  m_time 1.633000
  m_vertexTransformMat 0.271710 0.357141 0.893658 0.000000 0.576039 0.683523 -0.448303 0.000000 -0.770943 0.636590 -0.020007 0.000000 -11.669392 8.619987 -4.227505 1.000000
aniFrame
  m_time 1.733000
  m_vertexTransformMat 0.305872 0.652357 0.693450 0.000000 0.336843 0.607099 -0.719700 0.000000 -0.890494 0.453720 -0.034047 0.000000 -11.219671 11.725591 -8.007984 1.000000
aniFrame
  m_time 1.833000
  m_vertexTransformMat 0.276611 0.697379 0.661172 0.000000 0.318621 0.582544 -0.747745 0.000000 -0.906624 0.417498 -0.061061 0.000000 -11.638845 13.535028 -8.755007 1.000000
aniFrame
  m_time 1.933000
  m_vertexTransformMat 0.215476 0.546072 0.809553 0.000000 0.510496 0.643728 -0.570094 0.000000 -0.832444 0.536115 -0.140059 0.000000 -11.554527 14.306003 -7.102385 1.000000
aniFrame
  m_time 2.033000
  m_vertexTransformMat 0.073551 0.323573 0.943340 0.000000 0.736914 0.619714 -0.270024 0.000000 -0.671973 0.715021 -0.192865 0.000000 -11.590557 14.852261 -5.937543 1.000000
aniFrame
  m_time 2.133000
  m_vertexTransformMat -0.116998 0.145000 0.982490 0.000000 0.880439 0.472862 0.035059 0.000000 -0.459499 0.869124 -0.182987 0.000000 -11.697307 15.771280 -5.815844 1.000000
aniFrame
  m_time 2.133000
  m_vertexTransformMat -0.116998 0.145000 0.982490 0.000000 0.880439 0.472862 0.035059 0.000000 -0.459499 0.869124 -0.182987 0.000000 -11.697307 15.771280 -5.815844 1.000000
