m_aniFrameList.size 34
aniFrame
  m_time -1.066000
  m_vertexTransformMat -0.629788 -0.764699 -0.136395 0.000000 -0.637693 0.609258 -0.471330 0.000000 0.443525 -0.209859 -0.871347 0.000000 30.296150 11.092319 -30.695997 1.000000
aniFrame
  m_time -0.966000
  m_vertexTransformMat -0.760550 -0.647364 -0.049827 0.000000 -0.414236 0.542890 -0.730533 0.000000 0.499971 -0.534967 -0.681057 0.000000 33.238960 2.780194 -30.105331 1.000000
aniFrame
  m_time -0.866000
  m_vertexTransformMat -0.817688 -0.575580 -0.009716 0.000000 -0.307520 0.451016 -0.837865 0.000000 0.486640 -0.682124 -0.545792 0.000000 34.029530 -0.768929 -28.642101 1.000000
aniFrame
  m_time -0.766000
  m_vertexTransformMat -0.749138 -0.661022 0.042936 0.000000 -0.485929 0.504340 -0.713802 0.000000 0.450184 -0.555600 -0.699030 0.000000 31.484777 5.588820 -32.283028 1.000000
aniFrame
  m_time -0.666000
  m_vertexTransformMat -0.585050 -0.808173 0.067624 0.000000 -0.741890 0.499651 -0.447156 0.000000 0.327591 -0.311779 -0.891896 0.000000 24.673403 15.836988 -36.426598 1.000000
aniFrame
  m_time -0.566000
  m_vertexTransformMat -0.418592 -0.907999 0.017861 0.000000 -0.899035 0.411517 -0.149631 0.000000 0.128515 -0.078692 -0.988580 0.000000 16.485138 24.134970 -37.251404 1.000000
aniFrame
  m_time -0.466000
  m_vertexTransformMat -0.480101 -0.874408 -0.070099 0.000000 -0.876302 0.474425 0.083765 0.000000 -0.039988 0.101643 -0.994017 0.000000 15.689912 26.636633 -36.083176 1.000000
aniFrame
  m_time -0.366000
  m_vertexTransformMat -0.724295 -0.669005 -0.166822 0.000000 -0.688166 0.686437 0.235015 0.000000 -0.042713 0.285021 -0.957569 0.000000 22.711315 23.213734 -33.977421 1.000000
aniFrame
  m_time -0.266000
  m_vertexTransformMat -0.750700 -0.621526 -0.223952 0.000000 -0.656386 0.740122 0.146208 0.000000 0.074880 0.256758 -0.963571 0.000000 26.068258 20.094645 -31.873056 1.000000
aniFrame
  m_time -0.166000
  m_vertexTransformMat -0.690249 -0.682094 -0.241461 0.000000 -0.688506 0.721774 -0.070723 0.000000 0.222520 0.117431 -0.967830 0.000000 27.926844 17.279348 -30.274574 1.000000
aniFrame
  m_time -0.066000
  m_vertexTransformMat -0.632257 -0.751147 -0.189816 0.000000 -0.681652 0.655769 -0.324528 0.000000 0.368243 -0.075797 -0.926635 0.000000 29.286531 13.856374 -30.344679 1.000000
aniFrame
  m_time 0.033000
  m_vertexTransformMat -0.653480 -0.749368 -0.106829 0.000000 -0.589553 0.592392 -0.549091 0.000000 0.474756 -0.295838 -0.828907 0.000000 31.119421 9.028584 -30.772850 1.000000
aniFrame
  m_time 0.133000
  m_vertexTransformMat -0.785168 -0.618451 -0.032089 0.000000 -0.356463 0.493712 -0.793211 0.000000 0.506405 -0.611365 -0.608101 0.000000 33.759300 0.614768 -29.270039 1.000000
aniFrame
  m_time 0.233000
  m_vertexTransformMat -0.806317 -0.591460 0.005229 0.000000 -0.346685 0.465424 -0.814365 0.000000 0.479230 -0.658449 -0.580330 0.000000 33.578423 0.627874 -29.482166 1.000000
aniFrame
  m_time 0.333000
  m_vertexTransformMat -0.703215 -0.708559 0.058592 0.000000 -0.572524 0.515484 -0.637568 0.000000 0.421551 -0.481892 -0.768163 0.000000 29.686728 8.846258 -33.873535 1.000000
aniFrame
  m_time 0.433000
  m_vertexTransformMat -0.521519 -0.851252 0.058221 0.000000 -0.811096 0.473423 -0.343504 0.000000 0.264845 -0.226367 -0.937345 0.000000 21.766058 19.086388 -37.100555 1.000000
aniFrame
  m_time 0.533000
  m_vertexTransformMat -0.394038 -0.919073 -0.006283 0.000000 -0.916665 0.393484 -0.069976 0.000000 0.066786 -0.021814 -0.997529 0.000000 14.759181 25.727392 -36.956013 1.000000
aniFrame
  m_time 0.633000
  m_vertexTransformMat -0.570460 -0.814608 -0.104834 0.000000 -0.818538 0.553366 0.154212 0.000000 -0.067611 0.173782 -0.982460 0.000000 17.933613 25.990219 -35.518692 1.000000
aniFrame
  m_time 0.733000
  m_vertexTransformMat -0.754599 -0.628189 -0.189626 0.000000 -0.656142 0.718999 0.229168 0.000000 -0.007620 0.297351 -0.954738 0.000000 24.248884 21.938658 -33.245461 1.000000
aniFrame
  m_time 0.833000
  m_vertexTransformMat -0.735132 -0.635283 -0.236634 0.000000 -0.666836 0.740499 0.083616 0.000000 0.122107 0.219265 -0.967994 0.000000 26.780375 19.185175 -31.200830 1.000000
aniFrame
  m_time 0.933000
  m_vertexTransformMat -0.666768 -0.708423 -0.231428 0.000000 -0.693369 0.703521 -0.155875 0.000000 0.273239 0.056532 -0.960284 0.000000 28.406645 16.231752 -30.127384 1.000000
aniFrame
  m_time 1.033000
  m_vertexTransformMat -0.626139 -0.762499 -0.162929 0.000000 -0.663719 0.630885 -0.401824 0.000000 0.409179 -0.143459 -0.901106 0.000000 29.762812 12.519481 -30.549252 1.000000
aniFrame
  m_time 1.133000
  m_vertexTransformMat -0.696615 -0.713493 -0.075205 0.000000 -0.515089 0.570345 -0.639836 0.000000 0.499411 -0.406982 -0.764823 0.000000 32.171337 6.168514 -30.622072 1.000000
aniFrame
  m_time 1.233000
  m_vertexTransformMat -0.811369 -0.584170 -0.020633 0.000000 -0.309531 0.459323 -0.832594 0.000000 0.495853 -0.669155 -0.553499 0.000000 34.088020 -0.864144 -28.587305 1.000000
aniFrame
  m_time 1.333000
  m_vertexTransformMat -0.783578 -0.620833 0.023915 0.000000 -0.408258 0.485499 -0.773057 0.000000 0.468328 -0.615514 -0.633887 0.000000 32.759338 2.791000 -30.756607 1.000000
aniFrame
  m_time 1.433000
  m_vertexTransformMat -0.647381 -0.759167 0.067562 0.000000 -0.660325 0.514401 -0.547142 0.000000 0.380617 -0.398822 -0.834309 0.000000 27.379129 12.344175 -35.320858 1.000000
aniFrame
  m_time 1.533000
  m_vertexTransformMat -0.463541 -0.885143 0.040659 0.000000 -0.863983 0.441325 -0.242417 0.000000 0.196630 -0.147499 -0.969320 0.000000 18.930407 21.896515 -37.346645 1.000000
aniFrame
  m_time 1.633000
  m_vertexTransformMat -0.413051 -0.910019 -0.035435 0.000000 -0.910660 0.413118 0.005736 0.000000 0.009418 0.034638 -0.999356 0.000000 14.438852 26.562643 -36.557949 1.000000
aniFrame
  m_time 1.733000
  m_vertexTransformMat -0.658679 -0.739757 -0.137487 0.000000 -0.749436 0.628748 0.207419 0.000000 -0.066995 0.239660 -0.968543 0.000000 20.469383 24.740105 -34.802181 1.000000
aniFrame
  m_time 1.833000
  m_vertexTransformMat -0.759372 -0.617226 -0.205881 0.000000 -0.649927 0.734534 0.195080 0.000000 0.030818 0.281946 -0.958935 0.000000 25.236877 20.966539 -32.625832 1.000000
aniFrame
  m_time 1.933000
  m_vertexTransformMat -0.729359 -0.644126 -0.230516 0.000000 -0.663238 0.748372 0.007344 0.000000 0.167781 0.158243 -0.973041 0.000000 27.564005 17.929155 -31.041136 1.000000
aniFrame
  m_time 2.033000
  m_vertexTransformMat -0.671479 -0.713159 -0.201295 0.000000 -0.670317 0.700370 -0.245270 0.000000 0.315898 -0.029762 -0.948326 0.000000 29.169186 14.652099 -30.595968 1.000000
aniFrame
  m_time 2.133000
  m_vertexTransformMat -0.629788 -0.764699 -0.136395 0.000000 -0.637694 0.609258 -0.471330 0.000000 0.443525 -0.209859 -0.871347 0.000000 30.296144 11.092318 -30.696001 1.000000
aniFrame
  m_time 2.133000
  m_vertexTransformMat -0.629788 -0.764699 -0.136395 0.000000 -0.637694 0.609258 -0.471330 0.000000 0.443525 -0.209859 -0.871347 0.000000 30.296144 11.092318 -30.696001 1.000000
