m_aniFrameList.size 34
aniFrame
  m_time -1.066000
  m_vertexTransformMat 0.991210 -0.123657 0.047033 0.000000 0.121882 0.991782 0.038904 0.000000 -0.051457 -0.032829 0.998136 0.000000 -0.557057 -1.671004 -1.130231 1.000000
aniFrame
  m_time -0.966000
  m_vertexTransformMat 0.994337 -0.090136 0.056298 0.000000 0.091338 0.995636 -0.019149 0.000000 -0.054326 0.024183 0.998231 0.000000 -1.294595 -0.772494 -1.847648 1.000000
aniFrame
  m_time -0.866000
  m_vertexTransformMat 0.997023 -0.051277 0.057590 0.000000 0.054961 0.996415 -0.064320 0.000000 -0.054085 0.067294 0.996266 0.000000 -1.302733 -0.087327 -1.537006 1.000000
aniFrame
  m_time -0.766000
  m_vertexTransformMat 0.999463 -0.001331 0.032729 0.000000 0.003091 0.998548 -0.053780 0.000000 -0.032609 0.053853 0.998016 0.000000 -0.939213 -0.296058 -0.629385 1.000000
aniFrame
  m_time -0.666000
  m_vertexTransformMat 0.998036 0.062302 -0.006516 0.000000 -0.062331 0.998046 -0.004398 0.000000 0.006230 0.004795 0.999969 0.000000 -0.367354 -1.077097 -0.502052 1.000000
aniFrame
  m_time -0.566000
  m_vertexTransformMat 0.992604 0.114757 -0.039595 0.000000 -0.113368 0.992911 0.035702 0.000000 0.043411 -0.030949 0.998578 0.000000 0.331762 -1.656537 -0.961690 1.000000
aniFrame
  m_time -0.466000
  m_vertexTransformMat 0.991133 0.119488 -0.058127 0.000000 -0.118709 0.992789 0.016689 0.000000 0.059702 -0.009641 0.998170 0.000000 1.134274 -1.327994 -1.608122 1.000000
aniFrame
  m_time -0.366000
  m_vertexTransformMat 0.995439 0.072484 -0.062023 0.000000 -0.075512 0.995992 -0.047943 0.000000 0.058299 0.052407 0.996923 0.000000 1.364484 -0.337774 -1.804251 1.000000
aniFrame
  m_time -0.266000
  m_vertexTransformMat 0.998829 0.020373 -0.043875 0.000000 -0.023156 0.997689 -0.063887 0.000000 0.042472 0.064828 0.996992 0.000000 1.081841 -0.126326 -1.082333 1.000000
aniFrame
  m_time -0.166000
  m_vertexTransformMat 0.999151 -0.040658 -0.006695 0.000000 0.040502 0.998937 -0.022031 0.000000 0.007584 0.021741 0.999735 0.000000 0.649078 -0.799303 -0.463842 1.000000
aniFrame
  m_time -0.066000
  m_vertexTransformMat 0.994476 -0.100552 0.030103 0.000000 0.099772 0.994660 0.026385 0.000000 -0.032596 -0.023236 0.999198 0.000000 -0.033219 -1.513453 -0.743183 1.000000
aniFrame
  m_time 0.033000
  m_vertexTransformMat 0.990704 -0.125274 0.053032 0.000000 0.123673 0.991791 0.032486 0.000000 -0.056667 -0.025626 0.998064 0.000000 -0.843254 -1.559704 -1.352911 1.000000
aniFrame
  m_time 0.133000
  m_vertexTransformMat 0.993845 -0.091064 0.063091 0.000000 0.092928 0.995299 -0.027270 0.000000 -0.060311 0.032965 0.997635 0.000000 -1.465938 -0.635536 -1.913110 1.000000
aniFrame
  m_time 0.233000
  m_vertexTransformMat 0.997948 -0.036713 0.052465 0.000000 0.040247 0.996876 -0.067964 0.000000 -0.049806 0.069936 0.996307 0.000000 -1.211425 -0.043706 -1.224600 1.000000
aniFrame
  m_time 0.333000
  m_vertexTransformMat 0.999613 0.019289 0.020030 0.000000 -0.018491 0.999057 -0.039274 0.000000 -0.020769 0.038888 0.999028 0.000000 -0.768644 -0.533184 -0.472487 1.000000
aniFrame
  m_time 0.433000
  m_vertexTransformMat 0.996398 0.082651 -0.018949 0.000000 -0.082426 0.996521 0.012361 0.000000 0.019905 -0.010755 0.999744 0.000000 -0.139582 -1.327193 -0.624497 1.000000
aniFrame
  m_time 0.533000
  m_vertexTransformMat 0.991210 0.123657 -0.047033 0.000000 -0.121882 0.991782 0.038904 0.000000 0.051457 -0.032829 0.998136 0.000000 0.558449 -1.690528 -1.122804 1.000000
aniFrame
  m_time 0.633000
  m_vertexTransformMat 0.992283 0.107566 -0.061679 0.000000 -0.108051 0.994135 -0.004564 0.000000 0.060827 0.011193 0.998086 0.000000 1.370818 -0.997675 -1.835782 1.000000
aniFrame
  m_time 0.733000
  m_vertexTransformMat 0.996853 0.053595 -0.058402 0.000000 -0.057240 0.996394 -0.062631 0.000000 0.054834 0.065777 0.996327 0.000000 1.271492 -0.120542 -1.614948 1.000000
aniFrame
  m_time 0.833000
  m_vertexTransformMat 0.999463 0.001478 -0.032731 0.000000 -0.003234 0.998553 -0.053672 0.000000 0.032604 0.053749 0.998022 0.000000 0.955563 -0.297790 -0.812072 1.000000
aniFrame
  m_time 0.933000
  m_vertexTransformMat 0.998044 -0.062171 0.006509 0.000000 0.062199 0.998055 -0.004227 0.000000 -0.006233 0.004624 0.999970 0.000000 0.458898 -1.069637 -0.460636 1.000000
aniFrame
  m_time 1.033000
  m_vertexTransformMat 0.992606 -0.114746 0.039592 0.000000 0.113356 0.992912 0.035735 0.000000 -0.043412 -0.030983 0.998577 0.000000 -0.300144 -1.638884 -0.945278 1.000000
aniFrame
  m_time 1.133000
  m_vertexTransformMat 0.991143 -0.119400 0.058125 0.000000 0.118618 0.992799 0.016725 0.000000 -0.059703 -0.009682 0.998169 0.000000 -1.149713 -1.309681 -1.627892 1.000000
aniFrame
  m_time 1.233000
  m_vertexTransformMat 0.995451 -0.072334 0.062016 0.000000 0.075355 0.996009 -0.047841 0.000000 -0.058307 0.052297 0.996928 0.000000 -1.408737 -0.327760 -1.782982 1.000000
aniFrame
  m_time 1.333000
  m_vertexTransformMat 0.998832 -0.020245 0.043874 0.000000 0.023030 0.997689 -0.063933 0.000000 -0.042478 0.064868 0.996989 0.000000 -1.090755 -0.122447 -0.901037 1.000000
aniFrame
  m_time 1.433000
  m_vertexTransformMat 0.999145 0.040814 0.006689 0.000000 -0.040656 0.998927 -0.022209 0.000000 -0.007588 0.021918 0.999731 0.000000 -0.579336 -0.803272 -0.443931 1.000000
aniFrame
  m_time 1.533000
  m_vertexTransformMat 0.994471 0.100599 -0.030109 0.000000 -0.099822 0.994658 0.026300 0.000000 0.032594 -0.023149 0.999201 0.000000 0.096238 -1.528145 -0.786537 1.000000
aniFrame
  m_time 1.633000
  m_vertexTransformMat 0.990700 0.125304 -0.053032 0.000000 -0.123703 0.991787 0.032483 0.000000 0.056667 -0.025621 0.998064 0.000000 0.829363 -1.579432 -1.334532 1.000000
aniFrame
  m_time 1.733000
  m_vertexTransformMat 0.993829 0.091225 -0.063099 0.000000 -0.093096 0.995281 -0.027375 0.000000 0.060304 0.033080 0.997632 0.000000 1.436702 -0.648420 -1.905423 1.000000
aniFrame
  m_time 1.833000
  m_vertexTransformMat 0.997943 0.036830 -0.052467 0.000000 -0.040364 0.996870 -0.067979 0.000000 0.049799 0.069957 0.996306 0.000000 1.180508 -0.049355 -1.363507 1.000000
aniFrame
  m_time 1.933000
  m_vertexTransformMat 0.999666 -0.011010 -0.023392 0.000000 0.009899 0.998841 -0.047107 0.000000 0.023884 0.046860 0.998616 0.000000 0.861353 -0.404574 -0.592923 1.000000
aniFrame
  m_time 2.033000
  m_vertexTransformMat 0.997769 -0.065421 0.013341 0.000000 0.065474 0.997848 -0.003594 0.000000 -0.013077 0.004459 0.999905 0.000000 0.307026 -1.073727 -0.569374 1.000000
aniFrame
  m_time 2.133000
  m_vertexTransformMat 0.991210 -0.123657 0.047033 0.000000 0.121882 0.991782 0.038904 0.000000 -0.051457 -0.032829 0.998136 0.000000 -0.557057 -1.671005 -1.130231 1.000000
aniFrame
  m_time 2.133000
  m_vertexTransformMat 0.991210 -0.123657 0.047033 0.000000 0.121882 0.991782 0.038904 0.000000 -0.051457 -0.032829 0.998136 0.000000 -0.557057 -1.671005 -1.130231 1.000000
