 34
 -1.066000
 0.978781 0.136481 0.152840 0.000000 -0.033527 0.842512 -0.537633 0.000000 -0.202146 0.521101 0.829211 0.000000 -4.568634 11.628751 -4.235775 1.000000
 -0.966000
 0.958928 0.103148 0.264231 0.000000 0.028676 0.891512 -0.452088 0.000000 -0.282197 0.441096 0.851938 0.000000 -7.672001 9.754389 -3.879469 1.000000
 -0.866000
 0.954730 0.045584 0.293961 0.000000 0.053775 0.945462 -0.321264 0.000000 -0.292574 0.322528 0.900209 0.000000 -8.318992 6.997712 -2.222078 1.000000
 -0.766000
 0.959118 -0.029705 0.281443 0.000000 0.041826 0.998434 -0.037158 0.000000 -0.279899 0.047411 0.958858 0.000000 -7.934378 0.657710 -0.155473 1.000000
 -0.666000
 0.962260 -0.089141 0.257117 0.000000 0.047952 0.985586 0.162238 0.000000 -0.267873 -0.143786 0.952664 0.000000 -7.365547 -3.849769 -0.629386 1.000000
 -0.566000
 0.962823 -0.134881 0.234049 0.000000 0.070128 0.961521 0.265631 0.000000 -0.260871 -0.239342 0.935233 0.000000 -6.661762 -6.198762 -2.005807 1.000000
 -0.466000
 0.975042 -0.109542 0.193115 0.000000 0.031787 0.929725 0.366880 0.000000 -0.219733 -0.351585 0.910003 0.000000 -4.617786 -8.755661 -3.742701 1.000000
 -0.366000
 0.987150 -0.008813 0.159551 0.000000 0.019749 0.997552 -0.067085 0.000000 -0.158569 0.069374 0.984908 0.000000 -2.354269 1.362739 -2.376047 1.000000
 -0.266000
 0.970374 0.233529 0.061957 0.000000 -0.161079 0.816441 -0.554506 0.000000 -0.180078 0.528098 0.829870 0.000000 -2.837725 12.561027 -5.422153 1.000000
 -0.166000
 0.987247 0.157209 0.025049 0.000000 -0.077052 0.609587 -0.788966 0.000000 -0.139302 0.776975 0.613926 0.000000 -2.060539 17.954159 -9.719743 1.000000
 -0.066000
 0.984820 0.147115 0.092120 0.000000 -0.047066 0.737164 -0.674073 0.000000 -0.167074 0.659505 0.732898 0.000000 -3.237815 14.976808 -6.556810 1.000000
 0.033000
 0.971792 0.123723 0.200781 0.000000 -0.017498 0.886823 -0.461777 0.000000 -0.235189 0.445238 0.863973 0.000000 -5.702600 9.805338 -3.414307 1.000000
 0.133000
 0.955725 0.088612 0.280602 0.000000 0.045119 0.898177 -0.437312 0.000000 -0.290782 0.430610 0.854413 0.000000 -8.108034 9.506009 -3.753762 1.000000
 0.233000
 0.955778 0.019760 0.293423 0.000000 0.050100 0.972215 -0.228666 0.000000 -0.289789 0.233255 0.928232 0.000000 -8.260776 4.937891 -1.281515 1.000000
 0.333000
 0.960587 -0.053088 0.272862 0.000000 0.038981 0.997620 0.056870 0.000000 -0.275231 -0.043992 0.960371 0.000000 -7.748129 -1.479624 -0.100855 1.000000
 0.433000
 0.962522 -0.106305 0.249500 0.000000 0.054632 0.977118 0.205562 0.000000 -0.265643 -0.184227 0.946306 0.000000 -7.164823 -4.832279 -1.075053 1.000000
 0.533000
 0.964595 -0.141228 0.222733 0.000000 0.071385 0.952825 0.295008 0.000000 -0.253889 -0.268663 0.929172 0.000000 -6.252344 -6.904201 -2.468455 1.000000
 0.633000
 0.979371 -0.083973 0.183797 0.000000 0.033687 0.964686 0.261240 0.000000 -0.199243 -0.249659 0.947614 0.000000 -3.705495 -6.293731 -3.188304 1.000000
 0.733000
 0.987307 0.076136 0.139385 0.000000 -0.040703 0.969596 -0.241303 0.000000 -0.153519 0.232567 0.960387 0.000000 -2.169616 5.370701 -2.781783 1.000000
 0.833000
 0.973476 0.226583 0.031698 0.000000 -0.147801 0.728568 -0.668837 0.000000 -0.174642 0.646412 0.742732 0.000000 -2.755589 15.220354 -7.214852 1.000000
 0.933000
 0.987707 0.150591 0.041921 0.000000 -0.063336 0.630717 -0.773424 0.000000 -0.142911 0.761261 0.632501 0.000000 -2.272610 17.497486 -9.094684 1.000000
 1.033000
 0.982046 0.143751 0.122151 0.000000 -0.041149 0.795183 -0.604972 0.000000 -0.184097 0.589084 0.786822 0.000000 -3.882383 13.271001 -5.256529 1.000000
 1.133000
 0.965149 0.105114 0.239663 0.000000 -0.004096 0.921746 -0.387772 0.000000 -0.261669 0.373276 0.890053 0.000000 -6.759861 8.080745 -2.892292 1.000000
 1.233000
 0.954613 0.068660 0.289826 0.000000 0.052693 0.918787 -0.391221 0.000000 -0.293150 0.388737 0.873469 0.000000 -8.276511 8.532063 -3.114402 1.000000
 1.333000
 0.957405 -0.006204 0.288681 0.000000 0.044518 0.990987 -0.126345 0.000000 -0.285295 0.133815 0.949052 0.000000 -8.122196 2.646096 -0.546817 1.000000
 1.433000
 0.961513 -0.072277 0.265083 0.000000 0.042185 0.992175 0.117509 0.000000 -0.271502 -0.101804 0.957039 0.000000 -7.569587 -2.845585 -0.301575 1.000000
 1.533000
 0.962412 -0.122320 0.242490 0.000000 0.063289 0.969264 0.237744 0.000000 -0.264117 -0.213461 0.940573 0.000000 -6.950045 -5.557250 -1.540763 1.000000
 1.633000
 0.969301 -0.132643 0.207027 0.000000 0.053592 0.935734 0.348611 0.000000 -0.239963 -0.326814 0.914117 0.000000 -5.561479 -8.242023 -3.209571 1.000000
 1.733000
 0.983466 -0.054836 0.172591 0.000000 0.037329 0.993970 0.103099 0.000000 -0.177204 -0.094952 0.979583 0.000000 -2.915662 -2.593304 -2.571591 1.000000
 1.833000
 0.979188 0.174804 0.103122 0.000000 -0.117367 0.902241 -0.414952 0.000000 -0.165576 0.394213 0.903980 0.000000 -2.453424 9.355134 -3.904478 1.000000
 1.933000
 0.982242 0.186666 0.018892 0.000000 -0.108154 0.645619 -0.755962 0.000000 -0.153309 0.740494 0.654343 0.000000 -2.308662 17.243078 -9.024513 1.000000
 2.033000
 0.986607 0.148415 0.067667 0.000000 -0.052042 0.679584 -0.731749 0.000000 -0.154588 0.718428 0.678207 0.000000 -2.762495 16.450424 -7.935179 1.000000
 2.133000
 0.978781 0.136482 0.152840 0.000000 -0.033527 0.842510 -0.537636 0.000000 -0.202147 0.521104 0.829209 0.000000 -4.568646 11.628825 -4.235820 1.000000
 2.133000
 0.978781 0.136482 0.152840 0.000000 -0.033527 0.842510 -0.537636 0.000000 -0.202147 0.521104 0.829209 0.000000 -4.568646 11.628825 -4.235820 1.000000
