m_aniFrameList.size 34
aniFrame
  m_time -1.066000
  m_vertexTransformMat 0.988149 0.033564 0.149784 0.000000 0.010068 0.959529 -0.281431 0.000000 -0.153168 0.279604 0.947819 0.000000 -2.030327 0.217488 -0.317416 1.000000
aniFrame
  m_time -0.966000
  m_vertexTransformMat 0.999756 0.022039 -0.001544 0.000000 -0.022081 0.999064 -0.037194 0.000000 0.000723 0.037219 0.999307 0.000000 6.428677 -5.770189 -0.086584 1.000000
aniFrame
  m_time -0.866000
  m_vertexTransformMat 0.999921 -0.011496 -0.005099 0.000000 0.011342 0.999509 -0.029219 0.000000 0.005432 0.029158 0.999560 0.000000 6.782964 -2.114048 0.020926 1.000000
aniFrame
  m_time -0.766000
  m_vertexTransformMat 0.998247 -0.058257 -0.010507 0.000000 0.058059 0.998146 -0.018285 0.000000 0.011553 0.017643 0.999778 0.000000 7.257613 1.283758 0.120960 1.000000
aniFrame
  m_time -0.666000
  m_vertexTransformMat 0.996733 -0.079692 -0.013163 0.000000 0.079517 0.996745 -0.013345 0.000000 0.014184 0.012255 0.999824 0.000000 7.457300 5.274311 0.174509 1.000000
aniFrame
  m_time -0.566000
  m_vertexTransformMat 0.999939 0.009113 -0.006270 0.000000 -0.009125 0.999957 -0.001900 0.000000 0.006253 0.001957 0.999979 0.000000 6.739164 9.889473 0.141071 1.000000
aniFrame
  m_time -0.466000
  m_vertexTransformMat 0.999670 0.025686 0.001061 0.000000 -0.025354 0.978258 0.205840 0.000000 0.004249 -0.205799 0.978585 0.000000 6.622252 5.739949 0.165334 1.000000
aniFrame
  m_time -0.366000
  m_vertexTransformMat 0.996241 -0.030090 0.081235 0.000000 -0.050867 0.555864 0.829716 0.000000 -0.070122 -0.830729 0.552243 0.000000 1.658583 -29.945343 -18.749426 1.000000
aniFrame
  m_time -0.266000
  m_vertexTransformMat 0.996400 0.023673 -0.081413 0.000000 0.059611 0.487226 0.871239 0.000000 0.060291 -0.872955 0.484060 0.000000 5.303293 -40.738117 -23.268305 1.000000
aniFrame
  m_time -0.166000
  m_vertexTransformMat 0.996955 0.001770 0.077957 0.000000 -0.060512 0.648097 0.759150 0.000000 -0.049180 -0.761556 0.646231 0.000000 0.435128 -44.142303 -14.127669 1.000000
aniFrame
  m_time -0.066000
  m_vertexTransformMat 0.988038 0.024932 0.152180 0.000000 -0.044492 0.990966 0.126515 0.000000 -0.147651 -0.131772 0.980222 0.000000 -3.070926 -18.565937 1.280875 1.000000
aniFrame
  m_time 0.033000
  m_vertexTransformMat 0.997128 0.026615 0.070903 0.000000 -0.012154 0.980317 -0.197057 0.000000 -0.074752 0.195629 0.977825 0.000000 2.456949 -2.122292 0.080086 1.000000
aniFrame
  m_time 0.133000
  m_vertexTransformMat 0.999891 0.014619 -0.002308 0.000000 -0.014692 0.999265 -0.035420 0.000000 0.001788 0.035450 0.999370 0.000000 6.505386 -4.475224 -0.053860 1.000000
aniFrame
  m_time 0.233000
  m_vertexTransformMat 0.999594 -0.027624 -0.006905 0.000000 0.027440 0.999300 -0.025423 0.000000 0.007602 0.025223 0.999653 0.000000 6.950880 -0.995608 0.057587 1.000000
aniFrame
  m_time 0.333000
  m_vertexTransformMat 0.997492 -0.069767 -0.011920 0.000000 0.069578 0.997454 -0.015627 0.000000 0.012980 0.014758 0.999807 0.000000 7.367356 2.510400 0.145902 1.000000
aniFrame
  m_time 0.433000
  m_vertexTransformMat 0.997846 -0.064476 -0.012054 0.000000 0.064340 0.997864 -0.011339 0.000000 0.012759 0.010539 0.999863 0.000000 7.331649 6.758815 0.168174 1.000000
aniFrame
  m_time 0.533000
  m_vertexTransformMat 0.999691 0.024355 -0.004987 0.000000 -0.024355 0.999704 0.000000 0.000000 0.004985 0.000121 0.999988 0.000000 6.628257 11.743293 0.160239 1.000000
aniFrame
  m_time 0.633000
  m_vertexTransformMat 0.998691 0.017708 0.047997 0.000000 -0.037067 0.897086 0.440300 0.000000 -0.035260 -0.441502 0.896567 0.000000 4.407958 -6.442839 -3.029286 1.000000
aniFrame
  m_time 0.733000
  m_vertexTransformMat 0.999238 -0.013821 0.036487 0.000000 -0.024803 0.496866 0.867472 0.000000 -0.030118 -0.867717 0.496145 0.000000 2.546700 -34.228397 -21.819927 1.000000
aniFrame
  m_time 0.833000
  m_vertexTransformMat 0.998691 0.017937 -0.047910 0.000000 0.031665 0.518819 0.854297 0.000000 0.040181 -0.854696 0.517572 0.000000 4.348589 -42.888115 -21.193239 1.000000
aniFrame
  m_time 0.933000
  m_vertexTransformMat 0.994080 0.004564 0.108557 0.000000 -0.070790 0.785163 0.615230 0.000000 -0.082427 -0.619273 0.780837 0.000000 -0.904847 -39.273006 -7.875552 1.000000
aniFrame
  m_time 1.033000
  m_vertexTransformMat 0.987001 0.033642 0.157151 0.000000 -0.015250 0.993038 -0.116805 0.000000 -0.159986 0.112890 0.980643 0.000000 -2.986565 -7.488029 1.218300 1.000000
aniFrame
  m_time 1.133000
  m_vertexTransformMat 0.999697 0.024597 -0.001284 0.000000 -0.024628 0.998982 -0.037806 0.000000 0.000353 0.037827 0.999284 0.000000 6.408393 -7.165338 -0.113598 1.000000
aniFrame
  m_time 1.233000
  m_vertexTransformMat 0.999989 0.003062 -0.003523 0.000000 -0.003176 0.999461 -0.032667 0.000000 0.003421 0.032678 0.999461 0.000000 6.628520 -3.264258 -0.017124 1.000000
aniFrame
  m_time 1.333000
  m_vertexTransformMat 0.999005 -0.043737 -0.008771 0.000000 0.043539 0.998817 -0.021656 0.000000 0.009708 0.021253 0.999727 0.000000 7.114458 0.125657 0.091540 1.000000
aniFrame
  m_time 1.433000
  m_vertexTransformMat 0.996937 -0.077150 -0.012842 0.000000 0.076971 0.996936 -0.013929 0.000000 0.013878 0.012898 0.999821 0.000000 7.432599 3.831004 0.181167 1.000000
aniFrame
  m_time 1.533000
  m_vertexTransformMat 0.999574 -0.027694 -0.009249 0.000000 0.027634 0.999597 -0.006566 0.000000 0.009427 0.006308 0.999936 0.000000 7.032777 8.266589 0.150707 1.000000
aniFrame
  m_time 1.633000
  m_vertexTransformMat 0.999681 0.025177 -0.001997 0.000000 -0.024835 0.994322 0.103477 0.000000 0.004591 -0.103394 0.994630 0.000000 6.623062 8.543006 0.425112 1.000000
aniFrame
  m_time 1.733000
  m_vertexTransformMat 0.996854 -0.017307 0.077351 0.000000 -0.042138 0.710832 0.702099 0.000000 -0.067135 -0.703150 0.707866 0.000000 2.474334 -21.459669 -11.503667 1.000000
aniFrame
  m_time 1.833000
  m_vertexTransformMat 0.999148 0.010462 -0.039923 0.000000 0.030312 0.470451 0.881906 0.000000 0.028009 -0.882364 0.469733 0.000000 4.301798 -38.123226 -23.777184 1.000000
aniFrame
  m_time 1.933000
  m_vertexTransformMat 0.999727 0.006522 0.022451 0.000000 -0.022256 0.559559 0.828492 0.000000 -0.007160 -0.828765 0.559551 0.000000 2.265240 -44.801506 -18.553539 1.000000
aniFrame
  m_time 2.033000
  m_vertexTransformMat 0.992684 0.008353 0.120450 0.000000 -0.058990 0.903986 0.423473 0.000000 -0.105348 -0.427480 0.897866 0.000000 -1.592510 -31.096745 -2.655498 1.000000
aniFrame
  m_time 2.133000
  m_vertexTransformMat 0.988149 0.033564 0.149784 0.000000 0.010068 0.959529 -0.281431 0.000000 -0.153168 0.279604 0.947819 0.000000 -2.030329 0.217489 -0.317409 1.000000
aniFrame
  m_time 2.133000
  m_vertexTransformMat 0.988149 0.033564 0.149784 0.000000 0.010068 0.959529 -0.281431 0.000000 -0.153168 0.279604 0.947819 0.000000 -2.030329 0.217489 -0.317409 1.000000
