 34
 -1.066000
 1.000000 -0.000000 -0.000000 0.000000 0.000000 1.000000 0.000000 0.000000 0.000000 -0.000000 1.000000 0.000000 -0.232181 -1.643668 -1.082510 1.000000
 -0.966000
 0.999242 -0.005439 0.038536 0.000000 0.004177 0.999454 0.032770 0.000000 -0.038694 -0.032585 0.998720 0.000000 -0.968093 -1.224993 -1.951686 1.000000
 -0.866000
 0.998061 -0.009303 0.061541 0.000000 0.006071 0.998603 0.052487 0.000000 -0.061944 -0.052011 0.996724 0.000000 -0.977128 -0.866050 -1.730310 1.000000
 -0.766000
 0.998534 -0.007795 0.053569 0.000000 0.005591 0.999137 0.041156 0.000000 -0.053843 -0.040796 0.997716 0.000000 -0.736639 -0.929316 -0.782923 1.000000
 -0.666000
 0.999418 -0.004538 0.033794 0.000000 0.003915 0.999822 0.018478 0.000000 -0.033872 -0.018334 0.999258 0.000000 -0.400638 -1.330237 -0.557000 1.000000
 -0.566000
 0.999963 -0.001076 0.008526 0.000000 0.001064 0.999998 0.001469 0.000000 -0.008528 -0.001460 0.999962 0.000000 0.057615 -1.629718 -0.929113 1.000000
 -0.466000
 0.999650 0.003494 -0.026210 0.000000 -0.003138 0.999903 0.013597 0.000000 0.026255 -0.013510 0.999564 0.000000 0.766473 -1.477794 -1.632067 1.000000
 -0.366000
 0.997637 0.010283 -0.067937 0.000000 -0.006982 0.998791 0.048658 0.000000 0.068355 -0.048069 0.996502 0.000000 1.014941 -1.012785 -1.992534 1.000000
 -0.266000
 0.997681 0.010132 -0.067302 0.000000 -0.006967 0.998866 0.047091 0.000000 0.067703 -0.046513 0.996621 0.000000 0.822706 -0.847224 -1.269597 1.000000
 -0.166000
 0.998892 0.006514 -0.046604 0.000000 -0.005293 0.999641 0.026268 0.000000 0.046758 -0.025993 0.998568 0.000000 0.596491 -1.189654 -0.558843 1.000000
 -0.066000
 0.999831 0.002354 -0.018265 0.000000 -0.002254 0.999983 0.005457 0.000000 0.018278 -0.005415 0.999819 0.000000 0.169265 -1.565720 -0.728367 1.000000
 0.033000
 0.999945 -0.001323 0.010403 0.000000 0.001282 0.999992 0.003881 0.000000 -0.010408 -0.003868 0.999939 0.000000 -0.488618 -1.590905 -1.321918 1.000000
 0.133000
 0.998755 -0.007124 0.049364 0.000000 0.005206 0.999231 0.038872 0.000000 -0.049602 -0.038566 0.998024 0.000000 -1.105372 -1.170592 -2.041357 1.000000
 0.233000
 0.998122 -0.009113 0.060579 0.000000 0.006022 0.998679 0.051018 0.000000 -0.060963 -0.050558 0.996859 0.000000 -0.910793 -0.821312 -1.414098 1.000000
 0.333000
 0.998825 -0.006811 0.047981 0.000000 0.005181 0.999408 0.034018 0.000000 -0.048184 -0.033729 0.998269 0.000000 -0.635844 -1.048546 -0.597274 1.000000
 0.433000
 0.999665 -0.003357 0.025665 0.000000 0.003067 0.999931 0.011337 0.000000 -0.025701 -0.011255 0.999606 0.000000 -0.260254 -1.460640 -0.644032 1.000000
 0.533000
 1.000000 -0.000000 -0.000000 0.000000 0.000000 1.000000 0.000000 0.000000 0.000000 0.000000 1.000000 0.000000 0.232185 -1.643668 -1.082505 1.000000
 0.633000
 0.999082 0.005932 -0.042419 0.000000 -0.004821 0.999644 0.026248 0.000000 0.042559 -0.026019 0.998755 0.000000 1.002992 -1.329278 -1.919160 1.000000
 0.733000
 0.997337 0.011056 -0.072088 0.000000 -0.007271 0.998591 0.052557 0.000000 0.072568 -0.051893 0.996013 0.000000 0.941494 -0.882972 -1.822355 1.000000
 0.833000
 0.998044 0.009123 -0.061850 0.000000 -0.006579 0.999129 0.041202 0.000000 0.062173 -0.040715 0.997235 0.000000 0.753306 -0.930014 -0.974934 1.000000
 0.933000
 0.999283 0.005093 -0.037523 0.000000 -0.004402 0.999820 0.018487 0.000000 0.037611 -0.018309 0.999125 0.000000 0.492214 -1.332184 -0.516750 1.000000
 1.033000
 0.999960 0.001117 -0.008823 0.000000 -0.001105 0.999998 0.001468 0.000000 0.008825 -0.001458 0.999960 0.000000 -0.027130 -1.630054 -0.906993 1.000000
 1.133000
 0.999720 -0.003092 0.023461 0.000000 0.002773 0.999904 0.013593 0.000000 -0.023501 -0.013524 0.999632 0.000000 -0.783072 -1.479170 -1.640550 1.000000
 1.233000
 0.998269 -0.008679 0.058165 0.000000 0.005852 0.998801 0.048597 0.000000 -0.058517 -0.048173 0.997124 0.000000 -1.059736 -1.015795 -1.956254 1.000000
 1.333000
 0.998289 -0.008586 0.057845 0.000000 0.005866 0.998876 0.047032 0.000000 -0.058183 -0.046612 0.997217 0.000000 -0.831504 -0.847532 -1.076642 1.000000
 1.433000
 0.999130 -0.005705 0.041312 0.000000 0.004623 0.999645 0.026248 0.000000 -0.041447 -0.026034 0.998802 0.000000 -0.526460 -1.187719 -0.535050 1.000000
 1.533000
 0.999850 -0.002197 0.017162 0.000000 0.002103 0.999983 0.005458 0.000000 -0.017174 -0.005421 0.999838 0.000000 -0.107002 -1.564766 -0.775411 1.000000
 1.633000
 0.999936 0.001434 -0.011189 0.000000 -0.001390 0.999991 0.003880 0.000000 0.011194 -0.003864 0.999930 0.000000 0.473337 -1.590535 -1.312776 1.000000
 1.733000
 0.998328 0.008371 -0.057192 0.000000 -0.006149 0.999224 0.038912 0.000000 0.057473 -0.038495 0.997605 0.000000 1.075471 -1.167500 -2.048156 1.000000
 1.833000
 0.997437 0.010811 -0.070727 0.000000 -0.007168 0.998644 0.051555 0.000000 0.071188 -0.050916 0.996162 0.000000 0.879981 -0.823682 -1.568293 1.000000
 1.933000
 0.998526 0.007870 -0.053712 0.000000 -0.005774 0.999220 0.039062 0.000000 0.053977 -0.038695 0.997792 0.000000 0.711639 -0.993879 -0.745783 1.000000
 2.033000
 0.999649 0.003580 -0.026254 0.000000 -0.003081 0.999814 0.019023 0.000000 0.026317 -0.018936 0.999474 0.000000 0.382855 -1.339842 -0.626099 1.000000
 2.133000
 1.000000 -0.000000 0.000000 0.000000 0.000000 1.000000 0.000000 0.000000 0.000000 -0.000000 1.000000 0.000000 -0.232181 -1.643669 -1.082510 1.000000
 2.133000
 1.000000 -0.000000 0.000000 0.000000 0.000000 1.000000 0.000000 0.000000 0.000000 -0.000000 1.000000 0.000000 -0.232181 -1.643669 -1.082510 1.000000
