 34
 -1.066000
 0.949505 -0.045112 0.310491 0.000000 0.047303 0.998881 0.000473 0.000000 -0.310165 0.014238 0.950576 0.000000 -1.102011 0.454986 -0.744918 1.000000
 -0.966000
 0.843917 0.189044 0.502062 0.000000 -0.198950 0.979407 -0.034365 0.000000 -0.498220 -0.070884 0.864149 0.000000 -1.396557 0.484356 -1.688804 1.000000
 -0.866000
 0.882137 0.214893 0.419113 0.000000 -0.217892 0.975097 -0.041353 0.000000 -0.417562 -0.054843 0.906992 0.000000 -0.212021 1.040129 -0.946197 1.000000
 -0.766000
 0.950251 0.133333 0.281505 0.000000 -0.134117 0.990827 -0.016574 0.000000 -0.281132 -0.022005 0.959417 0.000000 0.409754 1.155589 0.122453 1.000000
 -0.666000
 0.936911 0.086430 0.338714 0.000000 -0.097088 0.995169 0.014617 0.000000 -0.335814 -0.046580 0.940776 0.000000 -0.965838 0.607159 -0.261124 1.000000
 -0.566000
 0.969470 0.211281 0.124455 0.000000 -0.216820 0.975667 0.032624 0.000000 -0.114533 -0.058612 0.991689 0.000000 0.124534 0.462241 -0.581998 1.000000
 -0.466000
 0.961713 0.270884 -0.041579 0.000000 -0.267388 0.960716 0.074360 0.000000 0.060088 -0.060395 0.996365 0.000000 0.502642 0.526084 -1.229093 1.000000
 -0.366000
 0.922783 0.312000 -0.226115 0.000000 -0.290591 0.948863 0.123357 0.000000 0.253040 -0.048125 0.966258 0.000000 1.199184 1.079582 -1.555793 1.000000
 -0.266000
 0.829552 0.349092 -0.435865 0.000000 -0.337910 0.935202 0.105900 0.000000 0.444591 0.059433 0.893760 0.000000 3.501895 1.982629 -1.436566 1.000000
 -0.166000
 0.943727 0.262594 -0.201055 0.000000 -0.262331 0.964559 0.028443 0.000000 0.201398 0.025901 0.979167 0.000000 2.947304 1.313345 -0.132164 1.000000
 -0.066000
 0.990970 0.057618 0.121073 0.000000 -0.057834 0.998325 -0.001734 0.000000 -0.120970 -0.005284 0.992642 0.000000 0.589545 0.513574 -0.157738 1.000000
 0.033000
 0.922152 -0.000220 0.386828 0.000000 0.003418 0.999966 -0.007579 0.000000 -0.386813 0.008311 0.922121 0.000000 -1.464551 0.449396 -1.070711 1.000000
 0.133000
 0.821176 0.230802 0.521920 0.000000 -0.242901 0.968945 -0.046310 0.000000 -0.516400 -0.088746 0.851737 0.000000 -1.281120 0.477791 -1.726481 1.000000
 0.233000
 0.924083 0.182537 0.335785 0.000000 -0.181847 0.982746 -0.033790 0.000000 -0.336159 -0.029837 0.941333 0.000000 0.335105 1.226250 -0.429749 1.000000
 0.333000
 0.943961 0.107582 0.312033 0.000000 -0.111774 0.993724 -0.004475 0.000000 -0.310556 -0.030654 0.950061 0.000000 -0.127296 0.974321 0.070455 1.000000
 0.433000
 0.950561 0.113086 0.289217 0.000000 -0.123731 0.992140 0.018731 0.000000 -0.284825 -0.053590 0.957081 0.000000 -0.795774 0.491069 -0.350926 1.000000
 0.533000
 0.967291 0.248341 0.051722 0.000000 -0.250576 0.967169 0.042390 0.000000 -0.039496 -0.053964 0.997762 0.000000 0.460385 0.504316 -0.743174 1.000000
 0.633000
 0.957500 0.275396 -0.085736 0.000000 -0.267339 0.958946 0.094619 0.000000 0.108273 -0.067677 0.991815 0.000000 0.488141 0.587103 -1.428382 1.000000
 0.733000
 0.882793 0.338753 -0.325459 0.000000 -0.314758 0.940839 0.125503 0.000000 0.348719 -0.008352 0.937191 0.000000 2.088947 1.503968 -1.620622 1.000000
 0.833000
 0.855174 0.330503 -0.399307 0.000000 -0.325279 0.941966 0.083026 0.000000 0.403574 0.058884 0.913050 0.000000 3.579798 1.869283 -1.024130 1.000000
 0.933000
 0.971997 0.216213 -0.092053 0.000000 -0.216284 0.976286 0.009331 0.000000 0.091888 0.010840 0.995711 0.000000 2.396471 1.010187 0.052066 1.000000
 1.033000
 0.974390 -0.017547 0.224178 0.000000 0.017864 0.999840 0.000616 0.000000 -0.224153 0.003404 0.974548 0.000000 -0.402616 0.443960 -0.447352 1.000000
 1.133000
 0.885609 0.089771 0.455673 0.000000 -0.089594 0.995735 -0.022039 0.000000 -0.455708 -0.021307 0.889874 0.000000 -1.604324 0.407922 -1.431412 1.000000
 1.233000
 0.838299 0.235087 0.491923 0.000000 -0.244700 0.968514 -0.045849 0.000000 -0.487213 -0.081939 0.869431 0.000000 -0.828543 0.719852 -1.441265 1.000000
 1.333000
 0.946815 0.155592 0.281661 0.000000 -0.154651 0.987635 -0.025714 0.000000 -0.282179 -0.019213 0.959170 0.000000 0.612336 1.260503 -0.041270 1.000000
 1.433000
 0.935803 0.088184 0.341315 0.000000 -0.096410 0.995316 0.007178 0.000000 -0.339084 -0.039623 0.939922 0.000000 -0.691021 0.778036 -0.106307 1.000000
 1.533000
 0.964267 0.160307 0.210928 0.000000 -0.169130 0.985294 0.024353 0.000000 -0.203921 -0.059157 0.977199 0.000000 -0.363702 0.443064 -0.446160 1.000000
 1.633000
 0.964327 0.264712 0.000820 0.000000 -0.264346 0.962819 0.055694 0.000000 0.013954 -0.053924 0.998448 0.000000 0.542101 0.516464 -0.966683 1.000000
 1.733000
 0.947466 0.286908 -0.141391 0.000000 -0.272601 0.955553 0.112283 0.000000 0.167322 -0.067841 0.983566 0.000000 0.638108 0.753586 -1.514490 1.000000
 1.833000
 0.843435 0.352836 -0.405124 0.000000 -0.333692 0.935058 0.119654 0.000000 0.421032 0.034266 0.906398 0.000000 2.969202 1.855723 -1.621758 1.000000
 1.933000
 0.901058 0.302645 -0.310646 0.000000 -0.299466 0.952274 0.059118 0.000000 0.313712 0.039759 0.948686 0.000000 3.405718 1.676075 -0.536395 1.000000
 2.033000
 0.987141 0.159535 0.010083 0.000000 -0.159595 0.987168 0.005437 0.000000 -0.009086 -0.006976 0.999934 0.000000 1.725372 0.854993 0.011142 1.000000
 2.133000
 0.949505 -0.045112 0.310491 0.000000 0.047303 0.998881 0.000473 0.000000 -0.310165 0.014238 0.950576 0.000000 -1.102011 0.454983 -0.744918 1.000000
 2.133000
 0.949505 -0.045112 0.310491 0.000000 0.047303 0.998881 0.000473 0.000000 -0.310165 0.014238 0.950576 0.000000 -1.102011 0.454983 -0.744918 1.000000
