 34
 -1.066000
 -0.322390 -0.737683 -0.593202 0.000000 -0.621469 0.637636 -0.455189 0.000000 0.714032 0.221908 -0.664015 0.000000 25.386646 14.684164 -17.391676 1.000000
 -0.966000
 -0.395454 -0.812436 -0.428444 0.000000 -0.394422 0.571479 -0.719614 0.000000 0.829486 -0.115586 -0.546436 0.000000 27.489141 10.984628 -19.445316 1.000000
 -0.866000
 -0.447144 -0.832646 -0.326748 0.000000 -0.285656 0.479103 -0.829977 0.000000 0.847622 -0.277781 -0.452078 0.000000 28.455729 9.554754 -19.903460 1.000000
 -0.766000
 -0.414660 -0.836305 -0.358680 0.000000 -0.465818 0.533685 -0.705829 0.000000 0.781710 -0.125599 -0.610864 0.000000 26.509506 14.149676 -21.514200 1.000000
 -0.666000
 -0.349469 -0.832355 -0.430182 0.000000 -0.725635 0.530892 -0.437729 0.000000 0.592726 0.159183 -0.789516 0.000000 21.481140 21.077290 -23.146618 1.000000
 -0.566000
 -0.319173 -0.796928 -0.512869 0.000000 -0.885803 0.443234 -0.137463 0.000000 0.336869 0.410427 -0.847389 0.000000 16.089191 26.220476 -22.777180 1.000000
 -0.466000
 -0.459611 -0.670849 -0.581996 0.000000 -0.858825 0.502642 0.098848 0.000000 0.226223 0.545265 -0.807162 0.000000 17.810036 25.993744 -21.622845 1.000000
 -0.366000
 -0.661418 -0.392126 -0.639346 0.000000 -0.662447 0.705153 0.252830 0.000000 0.351696 0.590760 -0.726163 0.000000 25.050802 19.403917 -20.048265 1.000000
 -0.266000
 -0.620503 -0.364886 -0.694143 0.000000 -0.631295 0.757545 0.166109 0.000000 0.465234 0.541281 -0.700409 0.000000 26.708385 16.574472 -17.688272 1.000000
 -0.166000
 -0.492327 -0.490569 -0.718997 0.000000 -0.667350 0.743062 -0.050026 0.000000 0.558800 0.455194 -0.693211 0.000000 26.364393 15.889207 -15.795776 1.000000
 -0.066000
 -0.365857 -0.653649 -0.662489 0.000000 -0.664348 0.681935 -0.305952 0.000000 0.651760 0.328189 -0.683741 0.000000 25.515881 15.436930 -16.298569 1.000000
 0.033000
 -0.324250 -0.770743 -0.548469 0.000000 -0.572952 0.621361 -0.534451 0.000000 0.752721 0.140951 -0.643074 0.000000 25.745325 13.862700 -18.054365 1.000000
 0.133000
 -0.410865 -0.830066 -0.377069 0.000000 -0.335930 0.522326 -0.783791 0.000000 0.847551 -0.195363 -0.493449 0.000000 27.897223 9.933118 -19.636044 1.000000
 0.233000
 -0.442818 -0.833081 -0.331494 0.000000 -0.325089 0.493739 -0.806560 0.000000 0.835601 -0.249394 -0.489462 0.000000 28.132803 10.617328 -20.286228 1.000000
 0.333000
 -0.393948 -0.837251 -0.379230 0.000000 -0.553555 0.545498 -0.629292 0.000000 0.733745 -0.037984 -0.678363 0.000000 25.142248 16.395838 -22.196171 1.000000
 0.433000
 -0.331239 -0.824667 -0.458482 0.000000 -0.796158 0.505057 -0.333241 0.000000 0.506372 0.254641 -0.823860 0.000000 19.457621 23.174425 -23.245291 1.000000
 0.533000
 -0.331617 -0.776892 -0.535229 0.000000 -0.903467 0.424862 -0.056923 0.000000 0.271621 0.464685 -0.842787 0.000000 15.240476 27.020239 -22.392143 1.000000
 0.633000
 -0.548781 -0.579173 -0.602826 0.000000 -0.797663 0.578565 0.170286 0.000000 0.250149 0.574301 -0.779490 0.000000 20.532736 24.136602 -21.242205 1.000000
 0.733000
 -0.667419 -0.349829 -0.657398 0.000000 -0.629861 0.736143 0.247729 0.000000 0.397276 0.579408 -0.711659 0.000000 26.092728 17.858791 -19.318352 1.000000
 0.833000
 -0.582705 -0.396361 -0.709474 0.000000 -0.642876 0.758871 0.104048 0.000000 0.497158 0.516733 -0.697008 0.000000 26.721643 16.229395 -16.873608 1.000000
 0.933000
 -0.445772 -0.545747 -0.709541 0.000000 -0.673662 0.726501 -0.135560 0.000000 0.589463 0.417562 -0.691502 0.000000 26.077681 15.782146 -15.691908 1.000000
 1.033000
 -0.338385 -0.699938 -0.628953 0.000000 -0.647161 0.658323 -0.384442 0.000000 0.683139 0.276944 -0.675739 0.000000 25.371552 15.123116 -16.839869 1.000000
 1.133000
 -0.345134 -0.799869 -0.491012 0.000000 -0.497382 0.599530 -0.627037 0.000000 0.795923 0.027809 -0.604758 0.000000 26.431673 12.585144 -18.794455 1.000000
 1.233000
 -0.436986 -0.832776 -0.339893 0.000000 -0.287999 0.487531 -0.824239 0.000000 0.852115 -0.262292 -0.452883 0.000000 28.373035 9.275894 -19.725708 1.000000
 1.333000
 -0.431499 -0.834573 -0.342487 0.000000 -0.387256 0.514253 -0.765230 0.000000 0.814765 -0.197565 -0.545093 0.000000 27.497248 12.180925 -20.849579 1.000000
 1.433000
 -0.371379 -0.836288 -0.403362 0.000000 -0.642678 0.545076 -0.538384 0.000000 0.670107 0.059288 -0.739893 0.000000 23.430677 18.762644 -22.782017 1.000000
 1.533000
 -0.320026 -0.812858 -0.486668 0.000000 -0.850114 0.473125 -0.231213 0.000000 0.418198 0.339729 -0.842434 0.000000 17.577854 24.919436 -23.097364 1.000000
 1.633000
 -0.377856 -0.738665 -0.558210 0.000000 -0.896082 0.443450 0.019757 0.000000 0.232944 0.507668 -0.829464 0.000000 15.775571 27.003599 -21.996758 1.000000
 1.733000
 -0.620800 -0.478171 -0.621257 0.000000 -0.725604 0.650498 0.224393 0.000000 0.296827 0.590089 -0.750792 0.000000 23.123436 21.747965 -20.730492 1.000000
 1.833000
 -0.650922 -0.348121 -0.674620 0.000000 -0.623980 0.751490 0.214273 0.000000 0.432378 0.560424 -0.706381 0.000000 26.523554 17.079533 -18.581436 1.000000
 1.933000
 -0.553532 -0.435842 -0.709679 0.000000 -0.640063 0.767824 0.027682 0.000000 0.532843 0.469562 -0.703981 0.000000 26.830008 15.865157 -16.577026 1.000000
 2.033000
 -0.426389 -0.595501 -0.680860 0.000000 -0.651011 0.724620 -0.226077 0.000000 0.627994 0.346851 -0.696648 0.000000 26.205639 15.465792 -16.293362 1.000000
 2.133000
 -0.322390 -0.737684 -0.593202 0.000000 -0.621469 0.637636 -0.455189 0.000000 0.714032 0.221908 -0.664015 0.000000 25.386644 14.684164 -17.391680 1.000000
 2.133000
 -0.322390 -0.737684 -0.593202 0.000000 -0.621469 0.637636 -0.455189 0.000000 0.714032 0.221908 -0.664015 0.000000 25.386644 14.684164 -17.391680 1.000000
