 34
 -1.066000
 0.979995 0.125517 0.154452 0.000000 -0.044095 0.893699 -0.446494 0.000000 -0.194076 0.430752 0.881356 0.000000 -4.261855 8.265187 -2.422130 1.000000
 -0.966000
 0.963355 0.062573 0.260829 0.000000 -0.041111 0.995364 -0.086948 0.000000 -0.265060 0.073039 0.961461 0.000000 -6.970477 -3.837145 -0.253847 1.000000
 -0.866000
 0.958798 0.003839 0.284061 0.000000 -0.025813 0.996950 0.073654 0.000000 -0.282912 -0.077952 0.955973 0.000000 -7.880931 -7.726051 -0.597115 1.000000
 -0.766000
 0.960191 -0.042876 0.276035 0.000000 0.017112 0.995323 0.095076 0.000000 -0.278821 -0.086568 0.956433 0.000000 -7.868758 -4.246552 -0.384131 1.000000
 -0.666000
 0.962495 -0.092679 0.254978 0.000000 0.041250 0.978907 0.200098 0.000000 -0.268145 -0.182076 0.946016 0.000000 -7.368411 -5.245226 -0.912939 1.000000
 -0.566000
 0.963367 -0.145158 0.225505 0.000000 0.049176 0.922211 0.383547 0.000000 -0.263638 -0.358408 0.895566 0.000000 -6.740963 -10.518482 -3.583487 1.000000
 -0.466000
 0.977187 -0.129536 0.168303 0.000000 -0.004324 0.780161 0.625564 0.000000 -0.212336 -0.612021 0.761803 0.000000 -4.308676 -18.137100 -9.444737 1.000000
 -0.366000
 0.993594 -0.081058 0.078748 0.000000 -0.023304 0.534882 0.844605 0.000000 -0.110583 -0.841030 0.529567 0.000000 -0.551027 -31.495493 -20.019047 1.000000
 -0.266000
 0.993364 0.114998 -0.001696 0.000000 -0.078282 0.686859 0.722563 0.000000 0.084258 -0.717635 0.691303 0.000000 6.757164 -32.932377 -11.848313 1.000000
 -0.166000
 0.999556 0.028512 0.008664 0.000000 -0.029599 0.916353 0.399276 0.000000 0.003445 -0.399355 0.916790 0.000000 3.118019 -25.458467 0.117369 1.000000
 -0.066000
 0.991437 0.087553 0.096885 0.000000 -0.070796 0.983819 -0.164584 0.000000 -0.109727 0.156316 0.981593 0.000000 -1.112131 -3.715547 2.013927 1.000000
 0.033000
 0.972923 0.113301 0.201452 0.000000 -0.030877 0.927507 -0.372529 0.000000 -0.229056 0.356222 0.905891 0.000000 -5.463795 6.501711 -1.973236 1.000000
 0.133000
 0.960696 0.041618 0.274467 0.000000 -0.040921 0.999128 -0.008271 0.000000 -0.274572 -0.003286 0.961561 0.000000 -7.423286 -6.494098 -0.282698 1.000000
 0.233000
 0.958783 -0.012693 0.283856 0.000000 -0.011817 0.996356 0.084469 0.000000 -0.283894 -0.084342 0.955139 0.000000 -7.979371 -6.721003 -0.627068 1.000000
 0.333000
 0.960941 -0.057736 0.270663 0.000000 0.030286 0.994062 0.104520 0.000000 -0.275091 -0.092240 0.956983 0.000000 -7.733781 -3.243160 -0.275332 1.000000
 0.433000
 0.962800 -0.110833 0.246440 0.000000 0.045882 0.965823 0.255112 0.000000 -0.266292 -0.234314 0.934979 0.000000 -7.179334 -6.654981 -1.542335 1.000000
 0.533000
 0.965327 -0.154572 0.210362 0.000000 0.043982 0.890630 0.452596 0.000000 -0.257313 -0.427651 0.866548 0.000000 -6.348785 -12.662041 -4.928996 1.000000
 0.633000
 0.983063 -0.119091 0.139298 0.000000 -0.017991 0.693701 0.720038 0.000000 -0.182381 -0.710349 0.679810 0.000000 -3.033184 -22.881939 -13.483007 1.000000
 0.733000
 0.998308 -0.013373 0.056581 0.000000 -0.039878 0.550691 0.833756 0.000000 -0.042309 -0.834602 0.549226 0.000000 1.903084 -33.276024 -18.979282 1.000000
 0.833000
 0.995053 0.097873 -0.017019 0.000000 -0.064287 0.765019 0.640790 0.000000 0.075736 -0.636527 0.767527 0.000000 6.327277 -31.811441 -7.691618 1.000000
 0.933000
 0.998592 0.038638 0.036352 0.000000 -0.046026 0.971756 0.231457 0.000000 -0.026382 -0.232804 0.972166 0.000000 1.977460 -19.275148 2.284314 1.000000
 1.033000
 0.985741 0.111335 0.126168 0.000000 -0.063711 0.940933 -0.332545 0.000000 -0.155739 0.319766 0.934610 0.000000 -2.819782 3.251906 -0.131251 1.000000
 1.133000
 0.967181 0.086985 0.238735 0.000000 -0.031783 0.973613 -0.225982 0.000000 -0.252092 0.210978 0.944425 0.000000 -6.379812 2.080990 -1.071789 1.000000
 1.233000
 0.959369 0.021888 0.281305 0.000000 -0.035418 0.998443 0.043103 0.000000 -0.279923 -0.051315 0.958650 0.000000 -7.698853 -7.670982 -0.453569 1.000000
 1.333000
 0.959282 -0.027703 0.281088 0.000000 0.003780 0.996349 0.085296 0.000000 -0.282425 -0.080761 0.955884 0.000000 -7.973973 -5.219347 -0.520403 1.000000
 1.433000
 0.961701 -0.074918 0.263663 0.000000 0.037221 0.988706 0.145174 0.000000 -0.271561 -0.129800 0.953628 0.000000 -7.566531 -3.867383 -0.455761 1.000000
 1.533000
 0.962808 -0.129398 0.237184 0.000000 0.049210 0.947159 0.316969 0.000000 -0.265666 -0.293508 0.918300 0.000000 -6.991881 -8.465973 -2.440379 1.000000
 1.633000
 0.970417 -0.147260 0.191323 0.000000 0.024461 0.848339 0.528889 0.000000 -0.240191 -0.508563 0.826845 0.000000 -5.539032 -14.806937 -6.596956 1.000000
 1.733000
 0.988385 -0.108863 0.106041 0.000000 -0.020837 0.594097 0.804124 0.000000 -0.150538 -0.796993 0.584928 0.000000 -1.877378 -27.885735 -17.768913 1.000000
 1.833000
 0.997247 0.068881 0.027448 0.000000 -0.063984 0.612341 0.788000 0.000000 0.037470 -0.787587 0.615063 0.000000 4.927581 -33.626900 -15.759509 1.000000
 1.933000
 0.998534 0.052679 -0.012406 0.000000 -0.037996 0.845600 0.532463 0.000000 0.038540 -0.531211 0.846362 0.000000 4.644464 -29.550171 -3.353509 1.000000
 2.033000
 0.996074 0.057116 0.067630 0.000000 -0.062066 0.995362 0.073503 0.000000 -0.063118 -0.077412 0.994999 0.000000 0.598595 -13.034630 2.817155 1.000000
 2.133000
 0.979995 0.125517 0.154452 0.000000 -0.044095 0.893701 -0.446491 0.000000 -0.194076 0.430748 0.881357 0.000000 -4.261845 8.265022 -2.422060 1.000000
 2.133000
 0.979995 0.125517 0.154452 0.000000 -0.044095 0.893701 -0.446491 0.000000 -0.194076 0.430748 0.881357 0.000000 -4.261845 8.265022 -2.422060 1.000000
