 34
 -1.066000
 -0.848949 -0.337278 0.406854 0.000000 -0.508693 0.730192 -0.456126 0.000000 -0.143240 -0.594191 -0.791467 0.000000 29.840567 -3.304361 -43.611996 1.000000
 -0.966000
 -0.950396 -0.045702 0.307665 0.000000 -0.264718 0.638200 -0.722929 0.000000 -0.163313 -0.768513 -0.618641 0.000000 31.335571 -14.500959 -38.592609 1.000000
 -0.866000
 -0.968330 0.091129 0.232452 0.000000 -0.149885 0.532417 -0.833107 0.000000 -0.199682 -0.841563 -0.501896 0.000000 30.937056 -18.963902 -34.445107 1.000000
 -0.766000
 -0.919444 -0.047702 0.390317 0.000000 -0.338214 0.602274 -0.723103 0.000000 -0.200585 -0.796863 -0.569891 0.000000 29.201303 -12.068792 -39.852013 1.000000
 -0.666000
 -0.754444 -0.317825 0.574284 0.000000 -0.621267 0.628059 -0.468581 0.000000 -0.211758 -0.710302 -0.671289 0.000000 23.419744 -0.299434 -47.025612 1.000000
 -0.566000
 -0.522956 -0.558004 0.644320 0.000000 -0.808901 0.563195 -0.168791 0.000000 -0.268692 -0.609461 -0.745896 0.000000 14.979402 10.186312 -50.572910 1.000000
 -0.466000
 -0.453761 -0.643247 0.616713 0.000000 -0.778845 0.622560 0.076292 0.000000 -0.433015 -0.445706 -0.783483 0.000000 10.955189 15.513999 -51.188293 1.000000
 -0.366000
 -0.604839 -0.582370 0.543153 0.000000 -0.550795 0.798533 0.242840 0.000000 -0.575148 -0.152287 -0.803750 0.000000 14.299388 16.846615 -50.194515 1.000000
 -0.266000
 -0.697364 -0.520976 0.492207 0.000000 -0.512687 0.842500 0.165364 0.000000 -0.500835 -0.137029 -0.854627 0.000000 18.890438 13.821245 -48.708084 1.000000
 -0.166000
 -0.754917 -0.476273 0.450850 0.000000 -0.552184 0.832499 -0.045152 0.000000 -0.353827 -0.283039 -0.891457 0.000000 23.693060 8.298156 -46.879040 1.000000
 -0.066000
 -0.807398 -0.409102 0.425140 0.000000 -0.552924 0.776080 -0.303273 0.000000 -0.205873 -0.479932 -0.852808 0.000000 27.844435 1.412065 -45.087643 1.000000
 0.033000
 -0.880094 -0.271641 0.389418 0.000000 -0.456564 0.709298 -0.537071 0.000000 -0.130324 -0.650468 -0.748270 0.000000 30.678801 -6.337580 -42.519424 1.000000
 0.133000
 -0.964463 0.018964 0.263536 0.000000 -0.203407 0.583293 -0.786382 0.000000 -0.168632 -0.812041 -0.558707 0.000000 31.486740 -17.246344 -36.348957 1.000000
 0.233000
 -0.960701 0.065869 0.269658 0.000000 -0.190571 0.549830 -0.813247 0.000000 -0.201834 -0.832675 -0.515670 0.000000 30.623873 -17.475742 -35.632320 1.000000
 0.333000
 -0.879170 -0.129801 0.458489 0.000000 -0.432050 0.622970 -0.652106 0.000000 -0.200981 -0.771402 -0.603777 0.000000 27.807165 -8.421415 -42.393471 1.000000
 0.433000
 -0.676161 -0.409751 0.612300 0.000000 -0.701718 0.611405 -0.365753 0.000000 -0.224496 -0.676970 -0.700938 0.000000 20.624533 3.652268 -48.710037 1.000000
 0.533000
 -0.466642 -0.606320 0.643912 0.000000 -0.831717 0.548450 -0.086312 0.000000 -0.300821 -0.575829 -0.760216 0.000000 12.747507 12.477761 -50.909355 1.000000
 0.633000
 -0.493800 -0.635423 0.593633 0.000000 -0.706620 0.691086 0.151950 0.000000 -0.506804 -0.344439 -0.790261 0.000000 11.492020 16.474783 -51.083309 1.000000
 0.733000
 -0.645731 -0.555734 0.523632 0.000000 -0.513295 0.823636 0.241147 0.000000 -0.565296 -0.113061 -0.817104 0.000000 15.858513 16.200102 -49.706490 1.000000
 0.833000
 -0.718578 -0.506308 0.476759 0.000000 -0.524832 0.844592 0.105905 0.000000 -0.456288 -0.174117 -0.872631 0.000000 20.495508 12.203595 -48.113918 1.000000
 0.933000
 -0.771797 -0.458100 0.440992 0.000000 -0.560156 0.818030 -0.130586 0.000000 -0.300923 -0.347810 -0.887960 0.000000 25.204905 6.093395 -46.290852 1.000000
 1.033000
 -0.827333 -0.376381 0.416963 0.000000 -0.535588 0.752326 -0.383604 0.000000 -0.169311 -0.540688 -0.824009 0.000000 28.933786 -0.965746 -44.396873 1.000000
 1.133000
 -0.917436 -0.174991 0.357338 0.000000 -0.375232 0.679226 -0.630756 0.000000 -0.132337 -0.712762 -0.688809 0.000000 31.336260 -10.240632 -40.836639 1.000000
 1.233000
 -0.970046 0.077433 0.230253 0.000000 -0.152804 0.542345 -0.826144 0.000000 -0.188847 -0.836581 -0.514267 0.000000 31.212534 -19.008631 -34.653942 1.000000
 1.333000
 -0.945616 0.018764 0.324746 0.000000 -0.255374 0.575551 -0.776869 0.000000 -0.201485 -0.817551 -0.539458 0.000000 30.095621 -15.139956 -37.515354 1.000000
 1.433000
 -0.823643 -0.222106 0.521807 0.000000 -0.529044 0.632344 -0.565911 0.000000 -0.204268 -0.742167 -0.638329 0.000000 25.862658 -4.412645 -44.870964 1.000000
 1.533000
 -0.596009 -0.491430 0.635035 0.000000 -0.765233 0.587236 -0.263766 0.000000 -0.243293 -0.643157 -0.726057 0.000000 17.712481 7.206613 -49.877350 1.000000
 1.633000
 -0.441913 -0.634090 0.634542 0.000000 -0.823530 0.567233 -0.006701 0.000000 -0.355684 -0.525526 -0.772859 0.000000 11.357192 14.178742 -51.098816 1.000000
 1.733000
 -0.549272 -0.612884 0.568044 0.000000 -0.623086 0.753346 0.210319 0.000000 -0.556834 -0.238418 -0.795672 0.000000 12.719144 16.948793 -50.724625 1.000000
 1.833000
 -0.673733 -0.535243 0.509510 0.000000 -0.505624 0.836712 0.210376 0.000000 -0.538915 -0.115884 -0.834352 0.000000 17.310265 15.117159 -49.276611 1.000000
 1.933000
 -0.743960 -0.471400 0.473610 0.000000 -0.521456 0.852762 0.029664 0.000000 -0.417860 -0.224898 -0.880236 0.000000 21.988701 9.954465 -47.762840 1.000000
 2.033000
 -0.800113 -0.405069 0.442423 0.000000 -0.535845 0.814157 -0.223649 0.000000 -0.269608 -0.416014 -0.868472 0.000000 26.451132 3.244972 -45.983765 1.000000
 2.133000
 -0.848949 -0.337277 0.406854 0.000000 -0.508693 0.730192 -0.456126 0.000000 -0.143240 -0.594191 -0.791467 0.000000 29.840559 -3.304371 -43.611992 1.000000
 2.133000
 -0.848949 -0.337277 0.406854 0.000000 -0.508693 0.730192 -0.456126 0.000000 -0.143240 -0.594191 -0.791467 0.000000 29.840559 -3.304371 -43.611992 1.000000
