m_aniFrameList.size 34
aniFrame
  m_time -1.066000
  m_vertexTransformMat 0.669979 0.313572 -0.672905 0.000000 -0.508493 0.854240 -0.108208 0.000000 0.540891 0.414664 0.731772 0.000000 0.857152 -7.390625 -1.277202 1.000000
aniFrame
  m_time -0.966000
  m_vertexTransformMat 0.808755 -0.024510 -0.587635 0.000000 -0.284252 0.858404 -0.427017 0.000000 0.514895 0.512389 0.687271 0.000000 -3.332698 -0.600397 -3.182792 1.000000
aniFrame
  m_time -0.866000
  m_vertexTransformMat 0.839060 -0.193189 -0.508583 0.000000 -0.166342 0.798960 -0.577922 0.000000 0.517986 0.569510 0.638240 0.000000 -4.393763 3.614504 -4.596802 1.000000
aniFrame
  m_time -0.766000
  m_vertexTransformMat 0.755736 -0.036718 -0.653847 0.000000 -0.336642 0.834627 -0.435971 0.000000 0.561726 0.549591 0.618396 0.000000 -2.571079 2.779985 -2.182404 1.000000
aniFrame
  m_time -0.666000
  m_vertexTransformMat 0.541248 0.246138 -0.804031 0.000000 -0.580061 0.801545 -0.145101 0.000000 0.608753 0.544923 0.576610 0.000000 1.214615 0.352456 -0.598515 1.000000
aniFrame
  m_time -0.566000
  m_vertexTransformMat 0.270871 0.486489 -0.830637 0.000000 -0.711976 0.681994 0.167256 0.000000 0.647857 0.546089 0.531101 0.000000 5.726019 -1.764993 -1.374242 1.000000
aniFrame
  m_time -0.466000
  m_vertexTransformMat 0.169987 0.619894 -0.766053 0.000000 -0.619717 0.671656 0.405993 0.000000 0.766196 0.405722 0.498331 0.000000 8.889356 -4.978123 -4.020750 1.000000
aniFrame
  m_time -0.366000
  m_vertexTransformMat 0.322170 0.669933 -0.668877 0.000000 -0.372643 0.739251 0.560932 0.000000 0.870255 0.068536 0.487811 0.000000 7.811240 -10.244651 -6.917061 1.000000
aniFrame
  m_time -0.266000
  m_vertexTransformMat 0.435947 0.624109 -0.648413 0.000000 -0.372288 0.781005 0.501431 0.000000 0.819361 0.022799 0.572825 0.000000 6.115770 -11.360124 -5.676961 1.000000
aniFrame
  m_time -0.166000
  m_vertexTransformMat 0.519614 0.543220 -0.659480 0.000000 -0.466141 0.827107 0.314017 0.000000 0.716040 0.144243 0.682994 0.000000 4.771406 -10.944571 -3.053721 1.000000
aniFrame
  m_time -0.066000
  m_vertexTransformMat 0.606271 0.419234 -0.675780 0.000000 -0.523705 0.849960 0.057453 0.000000 0.598472 0.319078 0.734861 0.000000 2.676805 -9.200693 -1.465053 1.000000
aniFrame
  m_time 0.033000
  m_vertexTransformMat 0.712917 0.233166 -0.661350 0.000000 -0.467530 0.860951 -0.200447 0.000000 0.522653 0.452103 0.722798 0.000000 -0.391698 -5.914710 -1.489971 1.000000
aniFrame
  m_time 0.133000
  m_vertexTransformMat 0.832724 -0.107440 -0.543165 0.000000 -0.226667 0.828875 -0.511458 0.000000 0.505167 0.549020 0.665871 0.000000 -4.109003 1.034908 -3.980618 1.000000
aniFrame
  m_time 0.233000
  m_vertexTransformMat 0.823349 -0.163614 -0.543439 0.000000 -0.202741 0.809568 -0.550905 0.000000 0.530086 0.563764 0.633386 0.000000 -4.012170 3.640452 -3.955507 1.000000
aniFrame
  m_time 0.333000
  m_vertexTransformMat 0.699138 0.051547 -0.713126 0.000000 -0.419929 0.836849 -0.351202 0.000000 0.578676 0.545001 0.606719 0.000000 -1.505914 2.038213 -1.401894 1.000000
aniFrame
  m_time 0.433000
  m_vertexTransformMat 0.448128 0.338407 -0.827443 0.000000 -0.642784 0.765240 -0.035152 0.000000 0.621297 0.547620 0.560449 0.000000 2.752233 -0.439582 -0.618365 1.000000
aniFrame
  m_time 0.533000
  m_vertexTransformMat 0.204975 0.537848 -0.817744 0.000000 -0.716413 0.651704 0.249066 0.000000 0.666887 0.534790 0.518905 0.000000 6.964738 -2.355438 -1.965438 1.000000
aniFrame
  m_time 0.633000
  m_vertexTransformMat 0.203578 0.651188 -0.731102 0.000000 -0.530644 0.700934 0.476559 0.000000 0.822784 0.290938 0.488244 0.000000 9.137795 -6.923437 -5.301747 1.000000
aniFrame
  m_time 0.733000
  m_vertexTransformMat 0.370731 0.659389 -0.654037 0.000000 -0.345212 0.751600 0.562073 0.000000 0.862199 0.017403 0.506270 0.000000 7.055082 -10.986038 -6.900143 1.000000
aniFrame
  m_time 0.833000
  m_vertexTransformMat 0.464844 0.601324 -0.649869 0.000000 -0.401268 0.797361 0.450776 0.000000 0.789243 0.051230 0.611941 0.000000 5.696412 -11.361104 -4.816559 1.000000
aniFrame
  m_time 0.933000
  m_vertexTransformMat 0.547309 0.506952 -0.665922 0.000000 -0.493718 0.838046 0.232209 0.000000 0.675792 0.201688 0.708962 0.000000 4.189497 -10.510804 -2.340618 1.000000
aniFrame
  m_time 1.033000
  m_vertexTransformMat 0.637709 0.368363 -0.676488 0.000000 -0.522300 0.852294 -0.028266 0.000000 0.566154 0.371355 0.735911 0.000000 1.789403 -8.349360 -1.296586 1.000000
aniFrame
  m_time 1.133000
  m_vertexTransformMat 0.763691 0.120054 -0.634321 0.000000 -0.394760 0.864299 -0.311692 0.000000 0.510823 0.488441 0.707450 0.000000 -1.907543 -3.737307 -2.087116 1.000000
aniFrame
  m_time 1.233000
  m_vertexTransformMat 0.842830 -0.177017 -0.508236 0.000000 -0.173015 0.805108 -0.567334 0.000000 0.509612 0.566098 0.647942 0.000000 -4.462135 2.768839 -4.620112 1.000000
aniFrame
  m_time 1.333000
  m_vertexTransformMat 0.796489 -0.110140 -0.594537 0.000000 -0.261744 0.823565 -0.503221 0.000000 0.545065 0.556426 0.627132 0.000000 -3.408754 3.339480 -3.092417 1.000000
aniFrame
  m_time 1.433000
  m_vertexTransformMat 0.626736 0.148228 -0.765004 0.000000 -0.503632 0.826190 -0.252521 0.000000 0.594607 0.543544 0.592455 0.000000 -0.230389 1.200674 -0.863968 1.000000
aniFrame
  m_time 1.533000
  m_vertexTransformMat 0.355024 0.419613 -0.835394 0.000000 -0.687426 0.722785 0.070909 0.000000 0.633565 0.549097 0.545059 0.000000 4.289042 -1.142412 -0.896981 1.000000
aniFrame
  m_time 1.633000
  m_vertexTransformMat 0.169389 0.580438 -0.796492 0.000000 -0.687171 0.648881 0.326727 0.000000 0.706473 0.491982 0.508773 0.000000 8.058408 -3.350646 -2.820365 1.000000
aniFrame
  m_time 1.733000
  m_vertexTransformMat 0.259957 0.668497 -0.696803 0.000000 -0.440865 0.724179 0.530287 0.000000 0.859105 0.169344 0.482972 0.000000 8.684577 -8.800492 -6.343682 1.000000
aniFrame
  m_time 1.833000
  m_vertexTransformMat 0.405384 0.641801 -0.650965 0.000000 -0.350061 0.766809 0.538017 0.000000 0.844465 0.009774 0.535522 0.000000 6.528689 -11.206324 -6.383693 1.000000
aniFrame
  m_time 1.933000
  m_vertexTransformMat 0.499192 0.557104 -0.663658 0.000000 -0.414064 0.826176 0.382078 0.000000 0.761156 0.084067 0.643098 0.000000 5.032653 -10.796287 -3.821178 1.000000
aniFrame
  m_time 2.033000
  m_vertexTransformMat 0.586742 0.438836 -0.680557 0.000000 -0.484816 0.863527 0.138834 0.000000 0.648604 0.248485 0.719422 0.000000 3.185507 -9.202106 -1.793822 1.000000
aniFrame
  m_time 2.133000
  m_vertexTransformMat 0.669979 0.313572 -0.672905 0.000000 -0.508493 0.854240 -0.108208 0.000000 0.540891 0.414665 0.731772 0.000000 0.857150 -7.390621 -1.277200 1.000000
aniFrame
  m_time 2.133000
  m_vertexTransformMat 0.669979 0.313572 -0.672905 0.000000 -0.508493 0.854240 -0.108208 0.000000 0.540891 0.414665 0.731772 0.000000 0.857150 -7.390621 -1.277200 1.000000
