m_aniFrameList.size 34
aniFrame
  m_time -1.066000
  m_vertexTransformMat 0.327219 -0.690783 0.644784 0.000000 0.763493 0.595324 0.250333 0.000000 -0.556781 0.410374 0.722210 0.000000 -2.731942 -6.829075 -3.687040 1.000000
aniFrame
  m_time -0.966000
  m_vertexTransformMat 0.435493 -0.712776 0.549815 0.000000 0.552473 0.693847 0.461900 0.000000 -0.710718 0.102604 0.695955 0.000000 -2.986966 -10.495097 -7.182922 1.000000
aniFrame
  m_time -0.866000
  m_vertexTransformMat 0.557225 -0.682758 0.472592 0.000000 0.411985 0.721471 0.556551 0.000000 -0.720951 -0.115423 0.683307 0.000000 -1.230707 -12.617391 -8.890579 1.000000
aniFrame
  m_time -0.766000
  m_vertexTransformMat 0.626572 -0.637758 0.447965 0.000000 0.467306 0.767430 0.438949 0.000000 -0.623725 -0.065696 0.778878 0.000000 -0.102882 -13.113989 -7.301785 1.000000
aniFrame
  m_time -0.666000
  m_vertexTransformMat 0.672411 -0.586926 0.450978 0.000000 0.555981 0.802713 0.215722 0.000000 -0.488619 0.105681 0.866073 0.000000 0.911322 -13.015800 -5.515812 1.000000
aniFrame
  m_time -0.566000
  m_vertexTransformMat 0.730404 -0.496788 0.468734 0.000000 0.581517 0.812274 -0.045257 0.000000 -0.358257 0.305633 0.882179 0.000000 2.746442 -11.621056 -4.484334 1.000000
aniFrame
  m_time -0.466000
  m_vertexTransformMat 0.845121 -0.287244 0.450845 0.000000 0.456119 0.827301 -0.327915 0.000000 -0.278793 0.482767 0.830187 0.000000 6.339374 -7.226733 -5.031166 1.000000
aniFrame
  m_time -0.366000
  m_vertexTransformMat 0.933486 -0.016696 0.358225 0.000000 0.238144 0.775723 -0.584415 0.000000 -0.268126 0.630853 0.728103 0.000000 9.097598 -0.554880 -7.384071 1.000000
aniFrame
  m_time -0.266000
  m_vertexTransformMat 0.892804 -0.079862 0.443310 0.000000 0.326891 0.791978 -0.515668 0.000000 -0.309910 0.605304 0.733187 0.000000 8.183786 -0.059404 -5.759027 1.000000
aniFrame
  m_time -0.166000
  m_vertexTransformMat 0.728036 -0.326299 0.602904 0.000000 0.564181 0.784784 -0.256542 0.000000 -0.389440 0.526919 0.755443 0.000000 4.974291 -2.630751 -2.939800 1.000000
aniFrame
  m_time -0.066000
  m_vertexTransformMat 0.465315 -0.584124 0.665043 0.000000 0.738709 0.670191 0.071789 0.000000 -0.487639 0.457868 0.743347 0.000000 0.099363 -5.498709 -2.620851 1.000000
aniFrame
  m_time 0.033000
  m_vertexTransformMat 0.304479 -0.720931 0.622537 0.000000 0.735281 0.593368 0.327530 0.000000 -0.605520 0.358014 0.710755 0.000000 -3.657940 -7.648351 -4.562788 1.000000
aniFrame
  m_time 0.133000
  m_vertexTransformMat 0.444170 -0.728492 0.521548 0.000000 0.502648 0.684497 0.528023 0.000000 -0.741659 0.027623 0.670208 0.000000 -3.111413 -11.354583 -8.187971 1.000000
aniFrame
  m_time 0.233000
  m_vertexTransformMat 0.585151 -0.666342 0.462155 0.000000 0.418983 0.736376 0.531228 0.000000 -0.694300 -0.117213 0.710077 0.000000 -0.767473 -12.804330 -8.509398 1.000000
aniFrame
  m_time 0.333000
  m_vertexTransformMat 0.642577 -0.623293 0.445647 0.000000 0.498998 0.781784 0.373920 0.000000 -0.581461 -0.017896 0.813378 0.000000 0.186525 -13.188316 -6.652840 1.000000
aniFrame
  m_time 0.433000
  m_vertexTransformMat 0.689004 -0.562454 0.457076 0.000000 0.574623 0.808279 0.128428 0.000000 -0.441680 0.174159 0.880107 0.000000 1.414137 -12.716533 -5.058809 1.000000
aniFrame
  m_time 0.533000
  m_vertexTransformMat 0.755942 -0.454933 0.470731 0.000000 0.567532 0.813826 -0.124879 0.000000 -0.326281 0.361556 0.873395 0.000000 3.560240 -10.817943 -4.390432 1.000000
aniFrame
  m_time 0.633000
  m_vertexTransformMat 0.889662 -0.177613 0.420662 0.000000 0.370607 0.819035 -0.437986 0.000000 -0.266744 0.545560 0.794489 0.000000 7.754681 -4.709390 -5.873030 1.000000
aniFrame
  m_time 0.733000
  m_vertexTransformMat 0.932332 -0.001599 0.361600 0.000000 0.231844 0.770048 -0.594369 0.000000 -0.277499 0.637984 0.718311 0.000000 9.085896 0.283860 -7.350344 1.000000
aniFrame
  m_time 0.833000
  m_vertexTransformMat 0.853525 -0.149659 0.499097 0.000000 0.400930 0.800415 -0.445635 0.000000 -0.332791 0.580463 0.743177 0.000000 7.368510 -0.726968 -4.713320 1.000000
aniFrame
  m_time 0.933000
  m_vertexTransformMat 0.644828 -0.419857 0.638684 0.000000 0.637760 0.756108 -0.146846 0.000000 -0.421259 0.502018 0.755328 0.000000 3.445925 -3.669783 -2.486954 1.000000
aniFrame
  m_time 1.033000
  m_vertexTransformMat 0.386296 -0.645706 0.658664 0.000000 0.760612 0.626950 0.168530 0.000000 -0.521771 0.435886 0.733320 0.000000 -1.451468 -6.218069 -3.088501 1.000000
aniFrame
  m_time 1.133000
  m_vertexTransformMat 0.323892 -0.738467 0.591405 0.000000 0.671670 0.619717 0.405969 0.000000 -0.666298 0.265739 0.696728 0.000000 -4.102647 -8.841618 -5.790303 1.000000
aniFrame
  m_time 1.233000
  m_vertexTransformMat 0.510846 -0.705200 0.491660 0.000000 0.437841 0.705609 0.557146 0.000000 -0.739819 -0.069347 0.669223 0.000000 -2.042096 -12.200723 -8.826099 1.000000
aniFrame
  m_time 1.333000
  m_vertexTransformMat 0.607880 -0.651668 0.453663 0.000000 0.439054 0.751914 0.491789 0.000000 -0.661599 -0.099767 0.743192 0.000000 -0.407438 -12.975472 -7.951433 1.000000
aniFrame
  m_time 1.433000
  m_vertexTransformMat 0.657369 -0.606816 0.446813 0.000000 0.529793 0.793815 0.298627 0.000000 -0.535898 0.040410 0.843316 0.000000 0.509636 -13.165480 -6.056224 1.000000
aniFrame
  m_time 1.533000
  m_vertexTransformMat 0.708140 -0.532565 0.463587 0.000000 0.583597 0.811045 0.040265 0.000000 -0.397433 0.242035 0.885137 0.000000 2.026981 -12.253612 -4.709372 1.000000
aniFrame
  m_time 1.633000
  m_vertexTransformMat 0.795059 -0.387115 0.466930 0.000000 0.527330 0.821537 -0.216796 0.000000 -0.299675 0.418592 0.857307 0.000000 4.776896 -9.411058 -4.522296 1.000000
aniFrame
  m_time 1.733000
  m_vertexTransformMat 0.919640 -0.080888 0.384342 0.000000 0.290966 0.797614 -0.528348 0.000000 -0.263819 0.597720 0.757054 0.000000 8.687954 -2.340700 -6.778466 1.000000
aniFrame
  m_time 1.833000
  m_vertexTransformMat 0.919458 -0.026742 0.392278 0.000000 0.264370 0.780543 -0.566446 0.000000 -0.291042 0.624530 0.724746 0.000000 8.773266 0.309718 -6.724676 1.000000
aniFrame
  m_time 1.933000
  m_vertexTransformMat 0.821693 -0.205667 0.531528 0.000000 0.443156 0.816999 -0.368952 0.000000 -0.358377 0.538715 0.762465 0.000000 6.680969 -1.612378 -3.978674 1.000000
aniFrame
  m_time 2.033000
  m_vertexTransformMat 0.608419 -0.470850 0.638848 0.000000 0.645983 0.761439 -0.054011 0.000000 -0.461012 0.445546 0.767435 0.000000 2.470842 -4.824527 -2.653251 1.000000
aniFrame
  m_time 2.133000
  m_vertexTransformMat 0.327219 -0.690783 0.644784 0.000000 0.763493 0.595324 0.250333 0.000000 -0.556781 0.410374 0.722210 0.000000 -2.731945 -6.829075 -3.687035 1.000000
aniFrame
  m_time 2.133000
  m_vertexTransformMat 0.327219 -0.690783 0.644784 0.000000 0.763493 0.595324 0.250333 0.000000 -0.556781 0.410374 0.722210 0.000000 -2.731945 -6.829075 -3.687035 1.000000
