 34
 -1.066000
 1.000000 -0.000000 -0.000000 0.000000 0.000000 0.996195 0.087156 0.000000 0.000000 -0.087156 0.996195 0.000000 0.200002 -2.419804 -1.176514 1.000000
 -0.966000
 0.997876 -0.000799 -0.065134 0.000000 0.005265 0.997642 0.068434 0.000000 0.064926 -0.068631 0.995527 0.000000 0.364868 -2.039445 -1.917699 1.000000
 -0.866000
 0.993100 -0.002315 -0.117250 0.000000 0.008603 0.998549 0.053154 0.000000 0.116956 -0.053796 0.991679 0.000000 1.040304 -1.734674 -1.643060 1.000000
 -0.766000
 0.993713 -0.002037 -0.111937 0.000000 0.008386 0.998380 0.056272 0.000000 0.111641 -0.056857 0.992121 0.000000 1.015236 -1.797568 -0.751924 1.000000
 -0.666000
 0.997526 -0.000719 -0.070298 0.000000 0.005825 0.997354 0.072459 0.000000 0.070059 -0.072689 0.994891 0.000000 0.465023 -2.122762 -0.603610 1.000000
 -0.566000
 0.999862 -0.000059 -0.016610 0.000000 0.001487 0.996298 0.085953 0.000000 0.016544 -0.085966 0.996161 0.000000 -0.089590 -2.395375 -1.020944 1.000000
 -0.466000
 0.999131 0.000267 0.041670 0.000000 -0.003611 0.996773 0.080197 0.000000 -0.041515 -0.080278 0.995908 0.000000 -0.295711 -2.278650 -1.677841 1.000000
 -0.366000
 0.993944 0.001861 0.109873 0.000000 -0.008369 0.998235 0.058799 0.000000 -0.109569 -0.059362 0.992205 0.000000 -0.945276 -1.849325 -1.934179 1.000000
 -0.266000
 0.992016 0.002498 0.126088 0.000000 -0.009244 0.998554 0.052949 0.000000 -0.125774 -0.053692 0.990605 0.000000 -1.206501 -1.732927 -1.239709 1.000000
 -0.166000
 0.995869 0.001191 0.090797 0.000000 -0.007262 0.997756 0.066557 0.000000 -0.090514 -0.066942 0.993643 0.000000 -0.657802 -2.004909 -0.597635 1.000000
 -0.066000
 0.999376 0.000182 0.035335 0.000000 -0.003106 0.996568 0.082721 0.000000 -0.035199 -0.082779 0.995946 0.000000 -0.018435 -2.329981 -0.815339 1.000000
 0.033000
 0.999832 -0.000072 -0.018317 0.000000 0.001633 0.996361 0.085218 0.000000 0.018244 -0.085233 0.996194 0.000000 0.231980 -2.380342 -1.398519 1.000000
 0.133000
 0.996335 -0.001157 -0.085528 0.000000 0.006805 0.997811 0.065777 0.000000 0.085265 -0.066118 0.994162 0.000000 0.550688 -1.987812 -1.994143 1.000000
 0.233000
 0.992546 -0.002487 -0.121844 0.000000 0.008860 0.998618 0.051794 0.000000 0.121547 -0.052487 0.991197 0.000000 1.128603 -1.707789 -1.338917 1.000000
 0.333000
 0.994906 -0.001600 -0.100798 0.000000 0.007785 0.998108 0.060992 0.000000 0.100510 -0.061466 0.993036 0.000000 0.863840 -1.892258 -0.593421 1.000000
 0.433000
 0.998615 -0.000393 -0.052612 0.000000 0.004504 0.996941 0.078032 0.000000 0.052421 -0.078161 0.995562 0.000000 0.258633 -2.235127 -0.710793 1.000000
 0.533000
 1.000000 -0.000000 -0.000000 0.000000 0.000000 0.996195 0.087156 0.000000 0.000000 -0.087156 0.996195 0.000000 -0.199997 -2.419804 -1.176513 1.000000
 0.633000
 0.997802 0.000650 0.066254 0.000000 -0.005517 0.997295 0.073299 0.000000 -0.066027 -0.073503 0.995107 0.000000 -0.400553 -2.139588 -1.924483 1.000000
 0.733000
 0.992310 0.002406 0.123752 0.000000 -0.009118 0.998515 0.053706 0.000000 -0.123439 -0.054421 0.990859 0.000000 -1.169825 -1.747886 -1.760575 1.000000
 0.833000
 0.992993 0.002150 0.118150 0.000000 -0.008851 0.998379 0.056220 0.000000 -0.117838 -0.056872 0.991403 0.000000 -1.081731 -1.798202 -0.967679 1.000000
 0.933000
 0.997312 0.000749 0.073275 0.000000 -0.006072 0.997354 0.072444 0.000000 -0.073027 -0.072694 0.994677 0.000000 -0.413525 -2.122989 -0.575311 1.000000
 1.033000
 0.999858 0.000060 0.016856 0.000000 -0.001509 0.996298 0.085953 0.000000 -0.016788 -0.085967 0.996156 0.000000 0.116765 -2.395402 -1.000946 1.000000
 1.133000
 0.999189 -0.000258 -0.040253 0.000000 0.003488 0.996773 0.080200 0.000000 0.040102 -0.080276 0.995966 0.000000 0.259879 -2.278558 -1.681153 1.000000
 1.233000
 0.994558 -0.001765 -0.104167 0.000000 0.007935 0.998236 0.058844 0.000000 0.103879 -0.059350 0.992818 0.000000 0.824286 -1.848781 -1.877960 1.000000
 1.333000
 0.992864 -0.002362 -0.119229 0.000000 0.008741 0.998556 0.053011 0.000000 0.118931 -0.053675 0.991451 0.000000 1.106057 -1.732183 -1.020662 1.000000
 1.433000
 0.996239 -0.001137 -0.086640 0.000000 0.006929 0.997757 0.066584 0.000000 0.086370 -0.066934 0.994012 0.000000 0.671975 -2.004560 -0.557694 1.000000
 1.533000
 0.999407 -0.000177 -0.034432 0.000000 0.003027 0.996568 0.082722 0.000000 0.034299 -0.082777 0.995978 0.000000 0.068519 -2.329911 -0.857590 1.000000
 1.633000
 0.999825 0.000073 0.018713 0.000000 -0.001668 0.996361 0.085218 0.000000 -0.018639 -0.085234 0.996186 0.000000 -0.252666 -2.380371 -1.391537 1.000000
 1.733000
 0.995954 0.001215 0.089852 0.000000 -0.007149 0.997810 0.065750 0.000000 -0.089576 -0.066126 0.993782 0.000000 -0.638571 -1.988165 -2.015404 1.000000
 1.833000
 0.991648 0.002632 0.128944 0.000000 -0.009376 0.998617 0.051729 0.000000 -0.128630 -0.052506 0.990302 0.000000 -1.254379 -1.708574 -1.518009 1.000000
 1.933000
 0.994452 0.001806 0.105173 0.000000 -0.007987 0.998262 0.058382 0.000000 -0.104884 -0.058899 0.992739 0.000000 -0.876046 -1.839794 -0.734547 1.000000
 2.033000
 0.998612 0.000530 0.052666 0.000000 -0.004373 0.997331 0.072882 0.000000 -0.052487 -0.073011 0.995949 0.000000 -0.193317 -2.129470 -0.663653 1.000000
 2.133000
 1.000000 -0.000000 -0.000000 0.000000 0.000000 0.996195 0.087156 0.000000 0.000000 -0.087156 0.996195 0.000000 0.200002 -2.419805 -1.176514 1.000000
 2.133000
 1.000000 -0.000000 -0.000000 0.000000 0.000000 0.996195 0.087156 0.000000 0.000000 -0.087156 0.996195 0.000000 0.200002 -2.419805 -1.176514 1.000000
