m_aniFrameList.size 34
aniFrame
  m_time -1.066000
  m_vertexTransformMat -0.131759 -0.365458 0.921455 0.000000 0.872190 0.399016 0.282969 0.000000 -0.471089 0.840967 0.266175 0.000000 -10.123676 5.546661 -2.621191 1.000000
aniFrame
  m_time -0.966000
  m_vertexTransformMat -0.056187 -0.322218 0.944997 0.000000 0.812960 0.534692 0.230652 0.000000 -0.579602 0.781204 0.231907 0.000000 -11.339191 5.338868 -3.675683 1.000000
aniFrame
  m_time -0.866000
  m_vertexTransformMat 0.013740 -0.269431 0.962922 0.000000 0.751288 0.638268 0.167870 0.000000 -0.659831 0.721125 0.211190 0.000000 -11.677200 5.000055 -3.473360 1.000000
aniFrame
  m_time -0.766000
  m_vertexTransformMat 0.086898 -0.215679 0.972590 0.000000 0.714895 0.693428 0.089900 0.000000 -0.693811 0.687488 0.214445 0.000000 -11.502931 4.216251 -2.194105 1.000000
aniFrame
  m_time -0.666000
  m_vertexTransformMat 0.160234 -0.160374 0.973964 0.000000 0.685151 0.728365 0.007214 0.000000 -0.710559 0.666156 0.226589 0.000000 -11.030417 3.106560 -1.517262 1.000000
aniFrame
  m_time -0.566000
  m_vertexTransformMat 0.217471 -0.099258 0.971007 0.000000 0.653420 0.753817 -0.069287 0.000000 -0.725085 0.649544 0.228791 0.000000 -10.356109 2.345988 -1.588130 1.000000
aniFrame
  m_time -0.466000
  m_vertexTransformMat 0.237273 -0.003875 0.971436 0.000000 0.603772 0.783980 -0.144344 0.000000 -0.761026 0.620774 0.188357 0.000000 -9.812609 2.772339 -2.310484 1.000000
aniFrame
  m_time -0.366000
  m_vertexTransformMat 0.205438 0.091420 0.974391 0.000000 0.567780 0.799811 -0.194750 0.000000 -0.797133 0.593249 0.112405 0.000000 -10.027172 4.263825 -3.034444 1.000000
aniFrame
  m_time -0.266000
  m_vertexTransformMat 0.147675 0.009689 0.988989 0.000000 0.649242 0.753393 -0.104325 0.000000 -0.746108 0.657499 0.104967 0.000000 -10.124189 5.107773 -2.570290 1.000000
aniFrame
  m_time -0.166000
  m_vertexTransformMat 0.043871 -0.160466 0.986066 0.000000 0.774997 0.628320 0.067768 0.000000 -0.630439 0.761225 0.151925 0.000000 -9.915979 5.442667 -2.018382 1.000000
aniFrame
  m_time -0.066000
  m_vertexTransformMat -0.077944 -0.310097 0.947505 0.000000 0.855061 0.467901 0.223473 0.000000 -0.512636 0.827592 0.228682 0.000000 -9.877504 5.528636 -2.235240 1.000000
aniFrame
  m_time 0.033000
  m_vertexTransformMat -0.134838 -0.373240 0.917884 0.000000 0.868341 0.401696 0.290902 0.000000 -0.477286 0.836261 0.269936 0.000000 -10.414072 5.544939 -2.907856 1.000000
aniFrame
  m_time 0.133000
  m_vertexTransformMat -0.049278 -0.321412 0.945657 0.000000 0.802180 0.551342 0.229193 0.000000 -0.595046 0.769880 0.230661 0.000000 -11.529131 5.300898 -3.814866 1.000000
aniFrame
  m_time 0.233000
  m_vertexTransformMat 0.037172 -0.251454 0.967155 0.000000 0.737824 0.659640 0.143144 0.000000 -0.673969 0.708269 0.210049 0.000000 -11.652362 4.811610 -3.081883 1.000000
aniFrame
  m_time 0.333000
  m_vertexTransformMat 0.112096 -0.197607 0.973851 0.000000 0.704708 0.706757 0.062295 0.000000 -0.700586 0.679298 0.218480 0.000000 -11.379296 3.850100 -1.854658 1.000000
aniFrame
  m_time 0.433000
  m_vertexTransformMat 0.181946 -0.140887 0.973163 0.000000 0.675160 0.737414 -0.019473 0.000000 -0.714881 0.660584 0.229291 0.000000 -10.812078 2.780639 -1.479071 1.000000
aniFrame
  m_time 0.533000
  m_vertexTransformMat 0.229956 -0.076719 0.970173 0.000000 0.641208 0.761864 -0.091736 0.000000 -0.732101 0.643178 0.224388 0.000000 -10.152081 2.284403 -1.697254 1.000000
aniFrame
  m_time 0.633000
  m_vertexTransformMat 0.231083 0.038763 0.972162 0.000000 0.583801 0.793809 -0.170421 0.000000 -0.778317 0.606930 0.160806 0.000000 -9.757731 3.249454 -2.699480 1.000000
aniFrame
  m_time 0.733000
  m_vertexTransformMat 0.189915 0.084171 0.978186 0.000000 0.581689 0.792979 -0.181169 0.000000 -0.790930 0.603406 0.101638 0.000000 -10.128982 4.651696 -2.970915 1.000000
aniFrame
  m_time 0.833000
  m_vertexTransformMat 0.118125 -0.043354 0.992052 0.000000 0.691974 0.720124 -0.050924 0.000000 -0.712193 0.692490 0.115064 0.000000 -10.073172 5.256298 -2.342069 1.000000
aniFrame
  m_time 0.933000
  m_vertexTransformMat 0.002103 -0.216833 0.976207 0.000000 0.809141 0.574001 0.125753 0.000000 -0.587611 0.789624 0.176655 0.000000 -9.851042 5.490346 -2.000597 1.000000
aniFrame
  m_time 1.033000
  m_vertexTransformMat -0.109793 -0.343133 0.932848 0.000000 0.866843 0.426163 0.258782 0.000000 -0.486342 0.837045 0.250653 0.000000 -9.972593 5.535911 -2.425350 1.000000
aniFrame
  m_time 1.133000
  m_vertexTransformMat -0.116942 -0.366232 0.923146 0.000000 0.854062 0.437305 0.281679 0.000000 -0.506856 0.821364 0.261645 0.000000 -10.836045 5.506092 -3.298790 1.000000
aniFrame
  m_time 1.233000
  m_vertexTransformMat -0.014182 -0.292858 0.956051 0.000000 0.772788 0.603532 0.196338 0.000000 -0.634506 0.741609 0.217758 0.000000 -11.648468 5.150795 -3.736300 1.000000
aniFrame
  m_time 1.333000
  m_vertexTransformMat 0.061736 -0.233583 0.970375 0.000000 0.725813 0.677869 0.116996 0.000000 -0.685116 0.697088 0.211386 0.000000 -11.596155 4.544952 -2.629239 1.000000
aniFrame
  m_time 1.433000
  m_vertexTransformMat 0.136743 -0.179224 0.974259 0.000000 0.694901 0.718272 0.034599 0.000000 -0.705984 0.672283 0.222762 0.000000 -11.222957 3.471638 -1.638695 1.000000
aniFrame
  m_time 1.533000
  m_vertexTransformMat 0.201243 -0.120580 0.972092 0.000000 0.664663 0.745781 -0.045090 0.000000 -0.719530 0.655188 0.230228 0.000000 -10.581847 2.519065 -1.508825 1.000000
aniFrame
  m_time 1.633000
  m_vertexTransformMat 0.237017 -0.045405 0.970444 0.000000 0.624637 0.772187 -0.116430 0.000000 -0.744078 0.633771 0.211383 0.000000 -9.962879 2.421965 -1.931734 1.000000
aniFrame
  m_time 1.733000
  m_vertexTransformMat 0.219789 0.073452 0.972778 0.000000 0.570067 0.799523 -0.189171 0.000000 -0.791654 0.596127 0.133854 0.000000 -9.853760 3.771997 -2.957099 1.000000
aniFrame
  m_time 1.833000
  m_vertexTransformMat 0.172733 0.056106 0.983369 0.000000 0.608384 0.779084 -0.151316 0.000000 -0.774617 0.624404 0.100439 0.000000 -10.154539 4.906804 -2.793713 1.000000
aniFrame
  m_time 1.933000
  m_vertexTransformMat 0.100387 -0.076416 0.992010 0.000000 0.712124 0.701823 -0.018001 0.000000 -0.694839 0.708241 0.124872 0.000000 -10.051815 5.289801 -2.149929 1.000000
aniFrame
  m_time 2.033000
  m_vertexTransformMat -0.006498 -0.235381 0.971882 0.000000 0.811711 0.566384 0.142600 0.000000 -0.584023 0.789814 0.187381 0.000000 -9.958528 5.425666 -2.123961 1.000000
aniFrame
  m_time 2.133000
  m_vertexTransformMat -0.131759 -0.365458 0.921455 0.000000 0.872190 0.399016 0.282969 0.000000 -0.471089 0.840967 0.266175 0.000000 -10.123677 5.546662 -2.621182 1.000000
aniFrame
  m_time 2.133000
  m_vertexTransformMat -0.131759 -0.365458 0.921455 0.000000 0.872190 0.399016 0.282969 0.000000 -0.471089 0.840967 0.266175 0.000000 -10.123677 5.546662 -2.621182 1.000000
