m_aniFrameList.size 34
aniFrame
  m_time -1.066000
  m_vertexTransformMat 0.938747 -0.027530 0.343507 0.000000 0.111868 0.967165 -0.228203 0.000000 -0.325946 0.252652 0.911003 0.000000 0.151156 -2.057024 -2.212451 1.000000
aniFrame
  m_time -0.966000
  m_vertexTransformMat 0.977807 0.019744 0.208573 0.000000 0.028596 0.973655 -0.226229 0.000000 -0.207545 0.227172 0.951482 0.000000 -0.829025 -1.854725 -2.426378 1.000000
aniFrame
  m_time -0.866000
  m_vertexTransformMat 0.994539 -0.050102 0.091553 0.000000 0.066485 0.980348 -0.185737 0.000000 -0.080448 0.190809 0.978325 0.000000 -0.932918 -1.252701 -1.668328 1.000000
aniFrame
  m_time -0.766000
  m_vertexTransformMat 0.991689 -0.125763 -0.027134 0.000000 0.117720 0.972073 -0.203020 0.000000 0.051908 0.198138 0.978799 0.000000 -0.677979 -0.979855 -0.278844 1.000000
aniFrame
  m_time -0.666000
  m_vertexTransformMat 0.986857 -0.102607 -0.124841 0.000000 0.064528 0.958498 -0.277702 0.000000 0.148154 0.265997 0.952521 0.000000 -0.313085 -1.343867 0.246394 1.000000
aniFrame
  m_time -0.566000
  m_vertexTransformMat 0.985056 -0.074704 -0.155193 0.000000 0.055367 0.990562 -0.125385 0.000000 0.163095 0.114919 0.979895 0.000000 0.421913 -1.438115 -0.203591 1.000000
aniFrame
  m_time -0.466000
  m_vertexTransformMat 0.993370 0.044305 -0.106084 0.000000 -0.056714 0.991515 -0.116969 0.000000 0.100002 0.122210 0.987454 0.000000 1.252338 -1.730087 -1.255277 1.000000
aniFrame
  m_time -0.366000
  m_vertexTransformMat 0.979990 0.195629 -0.036733 0.000000 -0.198735 0.971983 -0.125514 0.000000 0.011149 0.130302 0.991412 0.000000 1.592735 -1.963033 -2.048367 1.000000
aniFrame
  m_time -0.266000
  m_vertexTransformMat 0.962582 0.265998 0.051783 0.000000 -0.263397 0.963287 -0.051961 0.000000 -0.063704 0.036377 0.997306 0.000000 1.434123 -2.127743 -1.668022 1.000000
aniFrame
  m_time -0.166000
  m_vertexTransformMat 0.977436 0.149983 0.148741 0.000000 -0.141695 0.987781 -0.064899 0.000000 -0.156657 0.042359 0.986744 0.000000 1.041805 -2.091053 -1.223525 1.000000
aniFrame
  m_time -0.066000
  m_vertexTransformMat 0.958588 0.021005 0.284020 0.000000 0.026020 0.986646 -0.160788 0.000000 -0.283604 0.161519 0.945241 0.000000 0.562415 -2.088924 -1.742964 1.000000
aniFrame
  m_time 0.033000
  m_vertexTransformMat 0.946729 -0.022923 0.321216 0.000000 0.105191 0.964762 -0.241183 0.000000 -0.304368 0.262124 0.915779 0.000000 -0.171710 -2.039234 -2.321563 1.000000
aniFrame
  m_time 0.133000
  m_vertexTransformMat 0.985690 0.019022 0.167490 0.000000 0.018837 0.974958 -0.221589 0.000000 -0.167511 0.221573 0.960649 0.000000 -1.018493 -1.807141 -2.317696 1.000000
aniFrame
  m_time 0.233000
  m_vertexTransformMat 0.994376 -0.092758 0.051113 0.000000 0.100395 0.979253 -0.176024 0.000000 -0.033724 0.180166 0.983058 0.000000 -0.859476 -1.038817 -1.194869 1.000000
aniFrame
  m_time 0.333000
  m_vertexTransformMat 0.990506 -0.121035 -0.065182 0.000000 0.102204 0.965465 -0.239652 0.000000 0.091937 0.230714 0.968669 0.000000 -0.586311 -1.087525 0.037428 1.000000
aniFrame
  m_time 0.433000
  m_vertexTransformMat 0.985116 -0.096817 -0.142028 0.000000 0.059617 0.967442 -0.245973 0.000000 0.161219 0.233845 0.958815 0.000000 -0.096612 -1.407388 0.168094 1.000000
aniFrame
  m_time 0.533000
  m_vertexTransformMat 0.987668 -0.049882 -0.148404 0.000000 0.036848 0.995322 -0.089315 0.000000 0.152165 0.082745 0.984885 0.000000 0.662890 -1.485472 -0.437013 1.000000
aniFrame
  m_time 0.633000
  m_vertexTransformMat 0.991486 0.102164 -0.080739 0.000000 -0.112899 0.983399 -0.142062 0.000000 0.064885 0.149967 0.986560 0.000000 1.517162 -1.859479 -1.698336 1.000000
aniFrame
  m_time 0.733000
  m_vertexTransformMat 0.972012 0.234715 -0.010115 0.000000 -0.234610 0.967520 -0.094139 0.000000 -0.012310 0.093878 0.995508 0.000000 1.546777 -2.002715 -2.002879 1.000000
aniFrame
  m_time 0.833000
  m_vertexTransformMat 0.966207 0.243961 0.083232 0.000000 -0.240398 0.969355 -0.050590 0.000000 -0.093024 0.028872 0.995245 0.000000 1.322071 -2.147522 -1.466289 1.000000
aniFrame
  m_time 0.933000
  m_vertexTransformMat 0.977261 0.104422 0.184546 0.000000 -0.090134 0.992363 -0.084210 0.000000 -0.191930 0.065661 0.979209 0.000000 0.897708 -2.088024 -1.269622 1.000000
aniFrame
  m_time 1.033000
  m_vertexTransformMat 0.944814 -0.010758 0.327430 0.000000 0.080637 0.976349 -0.200603 0.000000 -0.317528 0.215935 0.923335 0.000000 0.373906 -2.075830 -2.026574 1.000000
aniFrame
  m_time 1.133000
  m_vertexTransformMat 0.962142 -0.003193 0.272530 0.000000 0.072026 0.967361 -0.242950 0.000000 -0.262859 0.253381 0.930969 0.000000 -0.557768 -2.013394 -2.406950 1.000000
aniFrame
  m_time 1.233000
  m_vertexTransformMat 0.991420 -0.007410 0.130509 0.000000 0.034121 0.978449 -0.203650 0.000000 -0.126187 0.206355 0.970307 0.000000 -1.004648 -1.561430 -2.059068 1.000000
aniFrame
  m_time 1.333000
  m_vertexTransformMat 0.992739 -0.119699 0.011900 0.000000 0.119888 0.976517 -0.179000 0.000000 0.009805 0.179127 0.983777 0.000000 -0.769263 -0.945150 -0.711791 1.000000
aniFrame
  m_time 1.433000
  m_vertexTransformMat 0.988811 -0.111595 -0.098996 0.000000 0.081214 0.959358 -0.270253 0.000000 0.125131 0.259189 0.957686 0.000000 -0.472444 -1.222484 0.205790 1.000000
aniFrame
  m_time 1.533000
  m_vertexTransformMat 0.984272 -0.089242 -0.152462 0.000000 0.060002 0.980599 -0.186620 0.000000 0.166158 0.174537 0.970530 0.000000 0.158980 -1.424883 0.006748 1.000000
aniFrame
  m_time 1.633000
  m_vertexTransformMat 0.991384 -0.009464 -0.130649 0.000000 -0.002683 0.995710 -0.092488 0.000000 0.130964 0.092041 0.987105 0.000000 0.935679 -1.591697 -0.785214 1.000000
aniFrame
  m_time 1.733000
  m_vertexTransformMat 0.986605 0.152332 -0.058352 0.000000 -0.159432 0.976153 -0.147332 0.000000 0.034517 0.154661 0.987365 0.000000 1.622092 -1.930213 -1.971526 1.000000
aniFrame
  m_time 1.833000
  m_vertexTransformMat 0.965217 0.260636 0.020639 0.000000 -0.258812 0.963678 -0.065893 0.000000 -0.037063 0.058259 0.997613 0.000000 1.500017 -2.062622 -1.863550 1.000000
aniFrame
  m_time 1.933000
  m_vertexTransformMat 0.972725 0.200134 0.117272 0.000000 -0.195526 0.979439 -0.049679 0.000000 -0.124803 0.025395 0.991857 0.000000 1.217148 -2.064760 -1.329164 1.000000
aniFrame
  m_time 2.033000
  m_vertexTransformMat 0.972203 0.065597 0.224763 0.000000 -0.042064 0.993267 -0.107938 0.000000 -0.230330 0.095483 0.968417 0.000000 0.768713 -1.985198 -1.473732 1.000000
aniFrame
  m_time 2.133000
  m_vertexTransformMat 0.938747 -0.027530 0.343507 0.000000 0.111868 0.967165 -0.228203 0.000000 -0.325946 0.252652 0.911003 0.000000 0.151156 -2.057025 -2.212451 1.000000
aniFrame
  m_time 2.133000
  m_vertexTransformMat 0.938747 -0.027530 0.343507 0.000000 0.111868 0.967165 -0.228203 0.000000 -0.325946 0.252652 0.911003 0.000000 0.151156 -2.057025 -2.212451 1.000000
