m_aniFrameList.size 34
aniFrame
  m_time -1.066000
  m_vertexTransformMat 0.836724 0.356090 0.416045 0.000000 -0.057389 0.812560 -0.580046 0.000000 -0.544610 0.461461 0.700324 0.000000 -2.404763 0.351849 -0.383454 1.000000
aniFrame
  m_time -0.966000
  m_vertexTransformMat 0.934711 0.042357 0.352876 0.000000 0.117253 0.900533 -0.418679 0.000000 -0.335510 0.432719 0.836772 0.000000 -2.441496 -0.474001 -1.256171 1.000000
aniFrame
  m_time -0.866000
  m_vertexTransformMat 0.995188 -0.079474 0.057319 0.000000 0.094159 0.937532 -0.334914 0.000000 -0.027121 0.338699 0.940504 0.000000 -1.654675 -0.611893 -2.040805 1.000000
aniFrame
  m_time -0.766000
  m_vertexTransformMat 0.952844 -0.122445 -0.277659 0.000000 0.035899 0.954038 -0.297527 0.000000 0.301328 0.273529 0.913446 0.000000 -0.805932 -1.080496 -2.437451 1.000000
aniFrame
  m_time -0.666000
  m_vertexTransformMat 0.863643 -0.292873 -0.410299 0.000000 0.147505 0.925114 -0.349865 0.000000 0.482040 0.241638 0.842169 0.000000 -0.004190 -2.828015 -2.725971 1.000000
aniFrame
  m_time -0.566000
  m_vertexTransformMat 0.892356 -0.197956 -0.405604 0.000000 0.063865 0.945021 -0.320713 0.000000 0.446791 0.260286 0.855937 0.000000 0.853725 -2.701383 -2.920086 1.000000
aniFrame
  m_time -0.466000
  m_vertexTransformMat 0.952827 0.012911 -0.303240 0.000000 -0.086234 0.969438 -0.229684 0.000000 0.291007 0.244998 0.924820 0.000000 1.639198 -1.510173 -2.891470 1.000000
aniFrame
  m_time -0.366000
  m_vertexTransformMat 0.961455 0.229943 -0.150766 0.000000 -0.258425 0.942967 -0.209832 0.000000 0.093918 0.240706 0.966043 0.000000 1.348786 -0.218597 -2.346465 1.000000
aniFrame
  m_time -0.266000
  m_vertexTransformMat 0.915327 0.400058 -0.046159 0.000000 -0.387311 0.843124 -0.373005 0.000000 -0.110306 0.359299 0.926681 0.000000 0.187478 0.332834 -1.161045 1.000000
aniFrame
  m_time -0.166000
  m_vertexTransformMat 0.882411 0.455014 0.119638 0.000000 -0.372271 0.830757 -0.413832 0.000000 -0.287690 0.320632 0.902457 0.000000 -0.499646 0.277385 -0.024034 1.000000
aniFrame
  m_time -0.066000
  m_vertexTransformMat 0.845070 0.430146 0.317540 0.000000 -0.213731 0.816181 -0.536813 0.000000 -0.490078 0.385776 0.781666 0.000000 -1.684835 0.311986 -0.043811 1.000000
aniFrame
  m_time 0.033000
  m_vertexTransformMat 0.862908 0.275954 0.423368 0.000000 0.001546 0.836307 -0.548260 0.000000 -0.505360 0.473752 0.721229 0.000000 -2.532512 0.156256 -0.585125 1.000000
aniFrame
  m_time 0.133000
  m_vertexTransformMat 0.955604 -0.035712 0.292483 0.000000 0.151545 0.910847 -0.383918 0.000000 -0.252696 0.411198 0.875820 0.000000 -2.347513 -0.749585 -1.512577 1.000000
aniFrame
  m_time 0.233000
  m_vertexTransformMat 0.994311 -0.070260 -0.080060 0.000000 0.041758 0.948560 -0.313830 0.000000 0.097991 0.308702 0.946098 0.000000 -1.354145 -0.538488 -2.260022 1.000000
aniFrame
  m_time 0.333000
  m_vertexTransformMat 0.919726 -0.192006 -0.342399 0.000000 0.080452 0.945901 -0.314325 0.000000 0.384227 0.261546 0.885417 0.000000 -0.520514 -1.719291 -2.520591 1.000000
aniFrame
  m_time 0.433000
  m_vertexTransformMat 0.860590 -0.285347 -0.421856 0.000000 0.136663 0.927312 -0.348447 0.000000 0.490621 0.242218 0.837032 0.000000 0.266927 -2.979775 -2.824320 1.000000
aniFrame
  m_time 0.533000
  m_vertexTransformMat 0.913185 -0.139476 -0.382937 0.000000 0.019243 0.953324 -0.301337 0.000000 0.407092 0.267808 0.873244 0.000000 1.111037 -2.412573 -2.898398 1.000000
aniFrame
  m_time 0.633000
  m_vertexTransformMat 0.964116 0.095137 -0.247852 0.000000 -0.145934 0.969803 -0.195413 0.000000 0.221777 0.224571 0.948885 0.000000 1.765490 -1.000225 -2.832040 1.000000
aniFrame
  m_time 0.733000
  m_vertexTransformMat 0.949187 0.293358 -0.113954 0.000000 -0.313621 0.911847 -0.264910 0.000000 0.026195 0.287187 0.957516 0.000000 0.946044 0.057815 -1.987336 1.000000
aniFrame
  m_time 0.833000
  m_vertexTransformMat 0.902109 0.431506 0.001790 0.000000 -0.395757 0.829012 -0.395115 0.000000 -0.171978 0.355728 0.918630 0.000000 -0.079121 0.356700 -0.723327 1.000000
aniFrame
  m_time 0.933000
  m_vertexTransformMat 0.873695 0.452203 0.179359 0.000000 -0.341225 0.832441 -0.436587 0.000000 -0.346731 0.320242 0.881602 0.000000 -0.773518 0.225061 0.110147 1.000000
aniFrame
  m_time 1.033000
  m_vertexTransformMat 0.832988 0.402349 0.379799 0.000000 -0.129009 0.808754 -0.573825 0.000000 -0.538041 0.428991 0.725588 0.000000 -2.125410 0.375681 -0.219512 1.000000
aniFrame
  m_time 1.133000
  m_vertexTransformMat 0.898770 0.165562 0.405958 0.000000 0.061954 0.868701 -0.491447 0.000000 -0.434021 0.466849 0.770505 0.000000 -2.580793 -0.174939 -0.879791 1.000000
aniFrame
  m_time 1.233000
  m_vertexTransformMat 0.978679 -0.075422 0.191049 0.000000 0.140752 0.923679 -0.356378 0.000000 -0.149589 0.375670 0.914601 0.000000 -2.021165 -0.754002 -1.773015 1.000000
aniFrame
  m_time 1.333000
  m_vertexTransformMat 0.978189 -0.076974 -0.192929 0.000000 0.016517 0.954687 -0.297154 0.000000 0.207060 0.287486 0.935136 0.000000 -1.089032 -0.653620 -2.381392 1.000000
aniFrame
  m_time 1.433000
  m_vertexTransformMat 0.886095 -0.258226 -0.384910 0.000000 0.125814 0.933255 -0.336461 0.000000 0.446102 0.249710 0.859441 0.000000 -0.256737 -2.374060 -2.623590 1.000000
aniFrame
  m_time 1.533000
  m_vertexTransformMat 0.872600 -0.250248 -0.419459 0.000000 0.105997 0.935335 -0.337511 0.000000 0.476796 0.250051 0.842698 0.000000 0.563413 -2.914934 -2.892519 1.000000
aniFrame
  m_time 1.633000
  m_vertexTransformMat 0.934166 -0.069981 -0.349909 0.000000 -0.029296 0.962230 -0.270657 0.000000 0.355633 0.263089 0.896833 0.000000 1.382217 -2.016332 -2.888023 1.000000
aniFrame
  m_time 1.733000
  m_vertexTransformMat 0.966694 0.166317 -0.194531 0.000000 -0.202491 0.961863 -0.183894 0.000000 0.156527 0.217160 0.963505 0.000000 1.663822 -0.563336 -2.647508 1.000000
aniFrame
  m_time 1.833000
  m_vertexTransformMat 0.932237 0.352521 -0.081625 0.000000 -0.359210 0.874398 -0.326184 0.000000 -0.043614 0.333402 0.941776 0.000000 0.539211 0.241192 -1.588771 1.000000
aniFrame
  m_time 1.933000
  m_vertexTransformMat 0.891569 0.448652 0.061781 0.000000 -0.389587 0.829346 -0.400509 0.000000 -0.230926 0.333012 0.914208 0.000000 -0.256880 0.384658 -0.339216 1.000000
aniFrame
  m_time 2.033000
  m_vertexTransformMat 0.866408 0.436855 0.241857 0.000000 -0.289711 0.834282 -0.469087 0.000000 -0.406700 0.336351 0.849390 0.000000 -1.103250 0.314093 0.050330 1.000000
aniFrame
  m_time 2.133000
  m_vertexTransformMat 0.836724 0.356090 0.416045 0.000000 -0.057389 0.812560 -0.580046 0.000000 -0.544610 0.461461 0.700324 0.000000 -2.404763 0.351849 -0.383451 1.000000
aniFrame
  m_time 2.133000
  m_vertexTransformMat 0.836724 0.356090 0.416045 0.000000 -0.057389 0.812560 -0.580046 0.000000 -0.544610 0.461461 0.700324 0.000000 -2.404763 0.351849 -0.383451 1.000000
