m_aniFrameList.size 34
aniFrame
  m_time -1.066000
  m_vertexTransformMat 0.968774 0.134464 -0.208315 0.000000 -0.069822 0.954122 0.291161 0.000000 0.237909 -0.267525 0.933718 0.000000 5.868177 -6.879499 -2.368804 1.000000
aniFrame
  m_time -0.966000
  m_vertexTransformMat 0.979296 0.083230 -0.184530 0.000000 -0.033717 0.965897 0.256720 0.000000 0.199604 -0.245183 0.948706 0.000000 3.734345 -6.318765 -3.078186 1.000000
aniFrame
  m_time -0.866000
  m_vertexTransformMat 0.987430 -0.077454 -0.137778 0.000000 0.040303 0.966270 -0.254360 0.000000 0.152832 0.245610 0.957245 0.000000 2.188755 5.523271 -2.680023 1.000000
aniFrame
  m_time -0.766000
  m_vertexTransformMat 0.973153 -0.227091 -0.037465 0.000000 0.144993 0.731292 -0.666475 0.000000 0.178748 0.643150 0.744586 0.000000 2.917741 15.026364 -6.921713 1.000000
aniFrame
  m_time -0.666000
  m_vertexTransformMat 0.986485 -0.152211 -0.060657 0.000000 0.050534 0.634777 -0.771041 0.000000 0.155864 0.757555 0.633890 0.000000 2.688980 17.350775 -9.023755 1.000000
aniFrame
  m_time -0.566000
  m_vertexTransformMat 0.981611 -0.143539 -0.125844 0.000000 0.038237 0.793723 -0.607076 0.000000 0.187024 0.591100 0.784616 0.000000 3.987493 13.335033 -5.301234 1.000000
aniFrame
  m_time -0.466000
  m_vertexTransformMat 0.966301 -0.099190 -0.237537 0.000000 0.007014 0.932581 -0.360892 0.000000 0.257319 0.347065 0.901850 0.000000 6.638590 7.406354 -2.549264 1.000000
aniFrame
  m_time -0.366000
  m_vertexTransformMat 0.955218 -0.066109 -0.288425 0.000000 -0.054026 0.919377 -0.389651 0.000000 0.290931 0.387784 0.874633 0.000000 8.188666 8.350272 -2.996771 1.000000
aniFrame
  m_time -0.266000
  m_vertexTransformMat 0.956186 0.005635 -0.292707 0.000000 -0.050578 0.987961 -0.146202 0.000000 0.288359 0.154601 0.944959 0.000000 8.235204 2.971890 -0.707788 1.000000
aniFrame
  m_time -0.166000
  m_vertexTransformMat 0.960107 0.070133 -0.270694 0.000000 -0.047787 0.994948 0.088283 0.000000 0.275518 -0.071825 0.958609 0.000000 7.783805 -2.261408 -0.189108 1.000000
aniFrame
  m_time -0.066000
  m_vertexTransformMat 0.964148 0.117516 -0.237928 0.000000 -0.064898 0.973791 0.217988 0.000000 0.257309 -0.194732 0.946505 0.000000 6.862907 -5.147302 -1.320514 1.000000
aniFrame
  m_time 0.033000
  m_vertexTransformMat 0.972154 0.126901 -0.197010 0.000000 -0.052590 0.937388 0.344294 0.000000 0.228366 -0.324345 0.917959 0.000000 5.275459 -8.204346 -3.115639 1.000000
aniFrame
  m_time 0.133000
  m_vertexTransformMat 0.983291 0.053704 -0.173937 0.000000 -0.038710 0.995326 0.088476 0.000000 0.177876 -0.080264 0.980774 0.000000 2.968138 -2.389372 -2.442673 1.000000
aniFrame
  m_time 0.233000
  m_vertexTransformMat 0.979341 -0.175812 -0.099906 0.000000 0.118705 0.899805 -0.419834 0.000000 0.163708 0.399301 0.902086 0.000000 2.451636 9.333951 -3.733961 1.000000
aniFrame
  m_time 0.333000
  m_vertexTransformMat 0.981549 -0.188105 -0.034338 0.000000 0.098289 0.650379 -0.753224 0.000000 0.164017 0.735951 0.656868 0.000000 2.638565 17.029865 -8.760128 1.000000
aniFrame
  m_time 0.433000
  m_vertexTransformMat 0.985614 -0.149204 -0.079392 0.000000 0.043917 0.679699 -0.732175 0.000000 0.163206 0.718156 0.676473 0.000000 3.028967 16.384489 -7.942487 1.000000
aniFrame
  m_time 0.533000
  m_vertexTransformMat 0.978914 -0.136029 -0.152393 0.000000 0.033126 0.841862 -0.538675 0.000000 0.201569 0.522268 0.828617 0.000000 4.558074 11.676600 -4.226764 1.000000
aniFrame
  m_time 0.633000
  m_vertexTransformMat 0.960041 -0.099276 -0.261657 0.000000 -0.028386 0.895601 -0.443952 0.000000 0.278414 0.433640 0.856996 0.000000 7.542064 9.462956 -3.648073 1.000000
aniFrame
  m_time 0.733000
  m_vertexTransformMat 0.954830 -0.044065 -0.293867 0.000000 -0.057307 0.943072 -0.327614 0.000000 0.291574 0.329656 0.897948 0.000000 8.274209 6.997216 -2.234893 1.000000
aniFrame
  m_time 0.833000
  m_vertexTransformMat 0.957551 0.029543 -0.286747 0.000000 -0.046738 0.997484 -0.053305 0.000000 0.284451 0.064444 0.956522 0.000000 8.113763 0.901566 -0.284713 1.000000
aniFrame
  m_time 0.933000
  m_vertexTransformMat 0.961149 0.087131 -0.261918 0.000000 -0.051894 0.988992 0.138572 0.000000 0.271108 -0.119596 0.955090 0.000000 7.573528 -3.375262 -0.448371 1.000000
aniFrame
  m_time 1.033000
  m_vertexTransformMat 0.966266 0.128888 -0.222975 0.000000 -0.069541 0.964180 0.255973 0.000000 0.247980 -0.231832 0.940617 0.000000 6.386152 -6.031336 -1.851397 1.000000
aniFrame
  m_time 1.133000
  m_vertexTransformMat 0.975121 0.108564 -0.193268 0.000000 -0.031867 0.931461 0.362444 0.000000 0.219370 -0.347268 0.911747 0.000000 4.619123 -8.721259 -3.652260 1.000000
aniFrame
  m_time 1.233000
  m_vertexTransformMat 0.987124 0.007419 -0.159786 0.000000 -0.021114 0.996227 -0.084181 0.000000 0.158558 0.086471 0.983556 0.000000 2.387404 1.606638 -2.275784 1.000000
aniFrame
  m_time 1.333000
  m_vertexTransformMat 0.970329 -0.234131 -0.060362 0.000000 0.162578 0.816581 -0.553862 0.000000 0.178967 0.527615 0.830418 0.000000 2.864691 12.422577 -5.166335 1.000000
aniFrame
  m_time 1.433000
  m_vertexTransformMat 0.986181 -0.159344 -0.045351 0.000000 0.063207 0.614908 -0.786062 0.000000 0.153141 0.772333 0.616482 0.000000 2.484388 17.757679 -9.547906 1.000000
aniFrame
  m_time 1.533000
  m_vertexTransformMat 0.983905 -0.147227 -0.101265 0.000000 0.040755 0.736658 -0.675036 0.000000 0.173982 0.660044 0.730802 0.000000 3.471775 14.987352 -6.609115 1.000000
aniFrame
  m_time 1.633000
  m_vertexTransformMat 0.972558 -0.120673 -0.198918 0.000000 0.019141 0.893577 -0.448501 0.000000 0.231871 0.432386 0.871366 0.000000 5.609482 9.494555 -3.196754 1.000000
aniFrame
  m_time 1.733000
  m_vertexTransformMat 0.956516 -0.085626 -0.278827 0.000000 -0.045749 0.900065 -0.433348 0.000000 0.288068 0.427260 0.857010 0.000000 8.015594 9.294713 -3.587397 1.000000
aniFrame
  m_time 1.833000
  m_vertexTransformMat 0.955199 -0.020168 -0.295276 0.000000 -0.056172 0.967189 -0.247771 0.000000 0.290585 0.253257 0.922725 0.000000 8.286675 5.242640 -1.429502 1.000000
aniFrame
  m_time 1.933000
  m_vertexTransformMat 0.958984 0.051565 -0.278729 0.000000 -0.044733 0.998524 0.030820 0.000000 0.279907 -0.017087 0.959875 0.000000 7.953966 -0.988075 -0.129545 1.000000
aniFrame
  m_time 2.033000
  m_vertexTransformMat 0.962805 0.102688 -0.249921 0.000000 -0.053860 0.979343 0.194901 0.000000 0.264773 -0.174191 0.948448 0.000000 7.225816 -4.687297 -0.902787 1.000000
aniFrame
  m_time 2.133000
  m_vertexTransformMat 0.968745 0.134082 -0.208698 0.000000 -0.070522 0.955478 0.286510 0.000000 0.237822 -0.262838 0.935070 0.000000 5.866373 -6.768129 -2.334743 1.000000
aniFrame
  m_time 2.133000
  m_vertexTransformMat 0.968745 0.134082 -0.208698 0.000000 -0.070522 0.955478 0.286510 0.000000 0.237822 -0.262838 0.935070 0.000000 5.866373 -6.768129 -2.334743 1.000000
