 34
 -1.066000
 -0.331621 0.776890 0.535229 0.000000 0.903465 0.424866 -0.056922 0.000000 -0.271623 0.464684 -0.842787 0.000000 -15.030276 26.897522 -22.476654 1.000000
 -0.966000
 -0.573557 0.543394 0.612988 0.000000 0.760720 0.630911 0.152503 0.000000 -0.303872 0.553782 -0.775234 0.000000 -21.913984 22.497778 -21.147903 1.000000
 -0.866000
 -0.667422 0.349825 0.657397 0.000000 0.629857 0.736145 0.247731 0.000000 -0.397277 0.579407 -0.711659 0.000000 -25.872124 17.805067 -19.333658 1.000000
 -0.766000
 -0.582707 0.396357 0.709473 0.000000 0.642872 0.758874 0.104050 0.000000 -0.497160 0.516731 -0.697008 0.000000 -26.456022 16.162817 -16.797199 1.000000
 -0.666000
 -0.445775 0.545743 0.709541 0.000000 0.673659 0.726504 -0.135558 0.000000 -0.589464 0.417560 -0.691502 0.000000 -25.757208 15.687364 -15.845363 1.000000
 -0.566000
 -0.338389 0.699935 0.628954 0.000000 0.647158 0.658326 -0.384440 0.000000 -0.683140 0.276943 -0.675738 0.000000 -25.128426 15.007777 -16.961437 1.000000
 -0.466000
 -0.345137 0.799866 0.491013 0.000000 0.497379 0.599534 -0.627036 0.000000 -0.795923 0.027807 -0.604758 0.000000 -26.244505 12.489015 -18.864544 1.000000
 -0.366000
 -0.436989 0.832774 0.339894 0.000000 0.287997 0.487534 -0.824238 0.000000 -0.852114 -0.262294 -0.452883 0.000000 -28.199772 9.236602 -19.826544 1.000000
 -0.266000
 -0.431502 0.834570 0.342489 0.000000 0.387254 0.514257 -0.765229 0.000000 -0.814764 -0.197568 -0.545093 0.000000 -27.275461 12.138592 -21.109386 1.000000
 -0.166000
 -0.371382 0.836285 0.403364 0.000000 0.642675 0.545080 -0.538383 0.000000 -0.670107 0.059286 -0.739893 0.000000 -23.132893 18.685038 -22.874844 1.000000
 -0.066000
 -0.320031 0.812856 0.486668 0.000000 0.850112 0.473129 -0.231212 0.000000 -0.418199 0.339728 -0.842434 0.000000 -17.301273 24.807671 -23.127539 1.000000
 0.033000
 -0.377860 0.738663 0.558211 0.000000 0.896079 0.443454 0.019759 0.000000 -0.232946 0.507667 -0.829464 0.000000 -15.575233 26.882759 -22.094561 1.000000
 0.133000
 -0.620803 0.478168 0.621256 0.000000 0.725600 0.650501 0.224395 0.000000 -0.296829 0.590088 -0.750792 0.000000 -22.899063 21.668406 -20.825716 1.000000
 0.233000
 -0.649679 0.348423 0.675662 0.000000 0.625534 0.750080 0.214681 0.000000 -0.432001 0.562123 -0.705261 0.000000 -26.278648 17.047178 -18.501867 1.000000
 0.333000
 -0.539015 0.439487 0.718550 0.000000 0.656114 0.754025 0.030995 0.000000 -0.528182 0.488157 -0.694785 0.000000 -26.307297 15.944176 -16.200449 1.000000
 0.433000
 -0.402579 0.601256 0.690233 0.000000 0.673037 0.705503 -0.222007 0.000000 -0.620445 0.375177 -0.688688 0.000000 -25.463116 15.542249 -16.051426 1.000000
 0.533000
 -0.322394 0.737681 0.593203 0.000000 0.621466 0.637640 -0.455187 0.000000 -0.714032 0.221906 -0.664015 0.000000 -25.177870 14.567614 -17.485340 1.000000
 0.633000
 -0.377135 0.820018 0.430511 0.000000 0.411990 0.564849 -0.714990 0.000000 -0.829478 -0.092281 -0.550863 0.000000 -27.011763 11.080300 -19.428934 1.000000
 0.733000
 -0.447147 0.832643 0.326750 0.000000 0.285653 0.479106 -0.829976 0.000000 -0.847621 -0.277784 -0.452078 0.000000 -28.270395 9.496755 -20.055174 1.000000
 0.833000
 -0.414663 0.836302 0.358682 0.000000 0.465816 0.533688 -0.705828 0.000000 -0.781710 -0.125601 -0.610864 0.000000 -26.261444 14.097293 -21.773493 1.000000
 0.933000
 -0.349474 0.832353 0.430184 0.000000 0.725633 0.530897 -0.437728 0.000000 -0.592727 0.159182 -0.789517 0.000000 -21.165895 20.986835 -23.177345 1.000000
 1.033000
 -0.319177 0.796926 0.512869 0.000000 0.885801 0.443238 -0.137462 0.000000 -0.336870 0.410426 -0.847390 0.000000 -15.847659 26.101692 -22.836027 1.000000
 1.133000
 -0.459616 0.670846 0.581996 0.000000 0.858822 0.502646 0.098850 0.000000 -0.226225 0.545264 -0.807161 0.000000 -17.598856 25.881987 -21.724730 1.000000
 1.233000
 -0.661421 0.392122 0.639346 0.000000 0.662443 0.705156 0.252832 0.000000 -0.351697 0.590759 -0.726164 0.000000 -24.834044 19.339828 -20.117840 1.000000
 1.333000
 -0.620506 0.364882 0.694143 0.000000 0.631291 0.757548 0.166111 0.000000 -0.465235 0.541279 -0.700409 0.000000 -26.462116 16.514547 -17.609327 1.000000
 1.433000
 -0.492330 0.490566 0.718997 0.000000 0.667347 0.743065 -0.050024 0.000000 -0.558802 0.455192 -0.693211 0.000000 -26.058926 15.804223 -15.887341 1.000000
 1.533000
 -0.365860 0.653647 0.662490 0.000000 0.664345 0.681938 -0.305951 0.000000 -0.651761 0.328187 -0.683741 0.000000 -25.236244 15.326138 -16.450594 1.000000
 1.633000
 -0.324253 0.770740 0.548471 0.000000 0.572949 0.621364 -0.534449 0.000000 -0.752721 0.140949 -0.643074 0.000000 -25.555090 13.752067 -18.131950 1.000000
 1.733000
 -0.410868 0.830063 0.377071 0.000000 0.335927 0.522329 -0.783790 0.000000 -0.847550 -0.195365 -0.493448 0.000000 -27.716599 9.877515 -19.709305 1.000000
 1.833000
 -0.444171 0.831816 0.332857 0.000000 0.321306 0.494694 -0.807490 0.000000 -0.836345 -0.251715 -0.486996 0.000000 -27.977028 10.481206 -20.426453 1.000000
 1.933000
 -0.413387 0.821645 0.392442 0.000000 0.515582 0.566460 -0.642882 0.000000 -0.750524 -0.063423 -0.657793 0.000000 -25.623013 15.222799 -21.721613 1.000000
 2.033000
 -0.371107 0.799224 0.472780 0.000000 0.749226 0.558492 -0.356015 0.000000 -0.548580 0.222100 -0.806059 0.000000 -20.938862 21.473034 -22.708326 1.000000
 2.133000
 -0.331621 0.776890 0.535229 0.000000 0.903465 0.424866 -0.056922 0.000000 -0.271623 0.464684 -0.842787 0.000000 -15.030275 26.897522 -22.476652 1.000000
 2.133000
 -0.331621 0.776890 0.535229 0.000000 0.903465 0.424866 -0.056922 0.000000 -0.271623 0.464684 -0.842787 0.000000 -15.030275 26.897522 -22.476652 1.000000
