m_aniFrameList.size 34
aniFrame
  m_time -1.066000
  m_vertexTransformMat 0.058895 -0.716615 0.694977 0.000000 0.717135 0.514673 0.469925 0.000000 -0.694441 0.470716 0.544222 0.000000 -10.217218 -6.851710 -4.219136 1.000000
aniFrame
  m_time -0.966000
  m_vertexTransformMat 0.179976 -0.812117 0.555045 0.000000 0.508544 0.559820 0.654206 0.000000 -0.842017 0.164523 0.513751 0.000000 -10.116940 -12.195721 -8.790523 1.000000
aniFrame
  m_time -0.866000
  m_vertexTransformMat 0.324517 -0.827129 0.458854 0.000000 0.392674 0.559137 0.730187 0.000000 -0.860521 -0.056778 0.506241 0.000000 -7.913832 -15.386141 -10.886299 1.000000
aniFrame
  m_time -0.766000
  m_vertexTransformMat 0.396787 -0.784661 0.476306 0.000000 0.473763 0.619510 0.625904 0.000000 -0.786199 -0.022694 0.617557 0.000000 -6.935904 -16.089415 -8.179080 1.000000
aniFrame
  m_time -0.666000
  m_vertexTransformMat 0.446137 -0.713068 0.540827 0.000000 0.588708 0.688978 0.422767 0.000000 -0.674080 0.129777 0.727168 0.000000 -6.058861 -15.692401 -4.763921 1.000000
aniFrame
  m_time -0.566000
  m_vertexTransformMat 0.519466 -0.593304 0.614935 0.000000 0.643804 0.744938 0.174880 0.000000 -0.561846 0.305053 0.768942 0.000000 -4.042461 -13.849362 -2.191193 1.000000
aniFrame
  m_time -0.466000
  m_vertexTransformMat 0.669824 -0.363750 0.647319 0.000000 0.554889 0.824504 -0.110864 0.000000 -0.493390 0.433450 0.754113 0.000000 0.266870 -9.456457 -1.227744 1.000000
aniFrame
  m_time -0.366000
  m_vertexTransformMat 0.802002 -0.066740 0.593581 0.000000 0.360821 0.846074 -0.392386 0.000000 -0.476026 0.528871 0.702634 0.000000 4.097677 -2.674628 -2.205223 1.000000
aniFrame
  m_time -0.266000
  m_vertexTransformMat 0.737104 -0.135379 0.662080 0.000000 0.433313 0.846497 -0.309327 0.000000 -0.518572 0.514894 0.682618 0.000000 2.618927 -2.195457 -1.200219 1.000000
aniFrame
  m_time -0.166000
  m_vertexTransformMat 0.515329 -0.384779 0.765756 0.000000 0.621812 0.782763 -0.025135 0.000000 -0.589733 0.489109 0.642641 0.000000 -1.824105 -4.336172 -0.259064 1.000000
aniFrame
  m_time -0.066000
  m_vertexTransformMat 0.209049 -0.621200 0.755255 0.000000 0.728669 0.614023 0.303346 0.000000 -0.652182 0.486916 0.581010 0.000000 -7.363145 -6.077108 -2.082861 1.000000
aniFrame
  m_time 0.033000
  m_vertexTransformMat 0.034337 -0.754389 0.655529 0.000000 0.678208 0.499359 0.539142 0.000000 -0.734067 0.426073 0.528779 0.000000 -11.098642 -7.773420 -5.528844 1.000000
aniFrame
  m_time 0.133000
  m_vertexTransformMat 0.193258 -0.838425 0.509602 0.000000 0.457035 0.536530 0.709405 0.000000 -0.868199 0.095807 0.486879 0.000000 -10.090200 -13.239749 -10.201841 1.000000
aniFrame
  m_time 0.233000
  m_vertexTransformMat 0.354605 -0.814739 0.458755 0.000000 0.408592 0.576338 0.707734 0.000000 -0.841016 -0.063522 0.537268 0.000000 -7.468580 -15.712790 -10.226665 1.000000
aniFrame
  m_time 0.333000
  m_vertexTransformMat 0.413007 -0.765353 0.493619 0.000000 0.513863 0.643322 0.567522 0.000000 -0.751911 0.019262 0.658984 0.000000 -6.717194 -16.107641 -7.012319 1.000000
aniFrame
  m_time 0.433000
  m_vertexTransformMat 0.466452 -0.678685 0.567283 0.000000 0.616944 0.709204 0.341190 0.000000 -0.633879 0.190833 0.749520 0.000000 -5.534247 -15.235272 -3.759201 1.000000
aniFrame
  m_time 0.533000
  m_vertexTransformMat 0.552546 -0.543555 0.631855 0.000000 0.639706 0.762530 0.096557 0.000000 -0.534293 0.350849 0.769049 0.000000 -3.096920 -12.960505 -1.669273 1.000000
aniFrame
  m_time 0.633000
  m_vertexTransformMat 0.732557 -0.245532 0.634881 0.000000 0.481745 0.845941 -0.228705 0.000000 -0.480918 0.473390 0.737984 0.000000 2.105206 -6.958093 -1.475319 1.000000
aniFrame
  m_time 0.733000
  m_vertexTransformMat 0.800560 -0.049783 0.597182 0.000000 0.353072 0.844389 -0.402923 0.000000 -0.484195 0.533412 0.693561 0.000000 4.090733 -1.817627 -2.159478 1.000000
aniFrame
  m_time 0.833000
  m_vertexTransformMat 0.679921 -0.208652 0.702974 0.000000 0.494631 0.838223 -0.229614 0.000000 -0.541340 0.503831 0.673131 0.000000 1.392373 -2.812423 -0.682226 1.000000
aniFrame
  m_time 0.933000
  m_vertexTransformMat 0.414399 -0.473224 0.777389 0.000000 0.673330 0.734094 0.087940 0.000000 -0.612292 0.486997 0.622843 0.000000 -3.672802 -5.041300 -0.548996 1.000000
aniFrame
  m_time 1.033000
  m_vertexTransformMat 0.122477 -0.675336 0.727270 0.000000 0.730393 0.557469 0.394657 0.000000 -0.671957 0.482856 0.561537 0.000000 -8.951767 -6.454969 -3.137707 1.000000
aniFrame
  m_time 1.133000
  m_vertexTransformMat 0.055591 -0.792891 0.606823 0.000000 0.610746 0.507802 0.607557 0.000000 -0.789873 0.336840 0.512484 0.000000 -11.453776 -9.420690 -7.182633 1.000000
aniFrame
  m_time 1.233000
  m_vertexTransformMat 0.271209 -0.837368 0.474616 0.000000 0.406493 0.546611 0.732107 0.000000 -0.872473 -0.005626 0.488630 0.000000 -8.819209 -14.640285 -10.931409 1.000000
aniFrame
  m_time 1.333000
  m_vertexTransformMat 0.378036 -0.800790 0.464569 0.000000 0.437180 0.596747 0.672880 0.000000 -0.816065 -0.051273 0.575681 0.000000 -7.165893 -15.949912 -9.288973 1.000000
aniFrame
  m_time 1.433000
  m_vertexTransformMat 0.428823 -0.741788 0.515618 0.000000 0.553371 0.666835 0.499112 0.000000 -0.714067 0.071297 0.696438 0.000000 -6.443705 -15.981033 -5.864617 1.000000
aniFrame
  m_time 1.533000
  m_vertexTransformMat 0.490750 -0.638613 0.592738 0.000000 0.635843 0.727605 0.257480 0.000000 -0.595709 0.250530 0.763129 0.000000 -4.860137 -14.615383 -2.892077 1.000000
aniFrame
  m_time 1.633000
  m_vertexTransformMat 0.603199 -0.469904 0.644470 0.000000 0.611798 0.791004 0.004128 0.000000 -0.511718 0.391796 0.764619 0.000000 -1.652818 -11.571872 -1.312514 1.000000
aniFrame
  m_time 1.733000
  m_vertexTransformMat 0.778461 -0.138864 0.612140 0.000000 0.410271 0.850638 -0.328776 0.000000 -0.475054 0.507082 0.719160 0.000000 3.433103 -4.535563 -1.891523 1.000000
aniFrame
  m_time 1.833000
  m_vertexTransformMat 0.779043 -0.078515 0.622034 0.000000 0.380279 0.847971 -0.369233 0.000000 -0.498477 0.524196 0.690464 0.000000 3.572076 -1.834249 -1.758386 1.000000
aniFrame
  m_time 1.933000
  m_vertexTransformMat 0.636037 -0.273307 0.721637 0.000000 0.525986 0.837818 -0.146286 0.000000 -0.564620 0.472614 0.676639 0.000000 0.449149 -3.797081 -0.414333 1.000000
aniFrame
  m_time 2.033000
  m_vertexTransformMat 0.370692 -0.533292 0.760386 0.000000 0.668672 0.721442 0.179997 0.000000 -0.644566 0.441725 0.624030 0.000000 -4.745017 -6.298828 -1.214228 1.000000
aniFrame
  m_time 2.133000
  m_vertexTransformMat 0.058894 -0.716615 0.694978 0.000000 0.717135 0.514673 0.469925 0.000000 -0.694441 0.470717 0.544222 0.000000 -10.217222 -6.851708 -4.219130 1.000000
aniFrame
  m_time 2.133000
  m_vertexTransformMat 0.058894 -0.716615 0.694978 0.000000 0.717135 0.514673 0.469925 0.000000 -0.694441 0.470717 0.544222 0.000000 -10.217222 -6.851708 -4.219130 1.000000
