m_aniFrameList.size 34
aniFrame
  m_time -1.066000
  m_vertexTransformMat -0.169914 0.397977 0.901523 0.000000 0.895033 0.445131 -0.027813 0.000000 -0.412365 0.802167 -0.431837 0.000000 -12.506250 21.056353 -9.824297 1.000000
aniFrame
  m_time -0.966000
  m_vertexTransformMat -0.352936 0.145490 0.924266 0.000000 0.744541 0.641930 0.183260 0.000000 -0.566652 0.752833 -0.334884 0.000000 -19.142864 14.887562 -9.529922 1.000000
aniFrame
  m_time -0.866000
  m_vertexTransformMat -0.378477 -0.035976 0.924912 0.000000 0.611761 0.740161 0.279124 0.000000 -0.694625 0.671467 -0.258125 0.000000 -21.797956 9.467093 -8.635458 1.000000
aniFrame
  m_time -0.766000
  m_vertexTransformMat -0.254292 0.035810 0.966464 0.000000 0.628938 0.765266 0.137128 0.000000 -0.734692 0.642717 -0.217123 0.000000 -20.870848 8.750318 -6.099883 1.000000
aniFrame
  m_time -0.666000
  m_vertexTransformMat -0.090465 0.216087 0.972174 0.000000 0.665561 0.739286 -0.102389 0.000000 -0.740840 0.637779 -0.210698 0.000000 -18.711033 9.908034 -5.004574 1.000000
aniFrame
  m_time -0.566000
  m_vertexTransformMat 0.051079 0.423632 0.904393 0.000000 0.643943 0.678218 -0.354057 0.000000 -0.763366 0.600463 -0.238152 0.000000 -16.590445 11.484199 -6.225551 1.000000
aniFrame
  m_time -0.466000
  m_vertexTransformMat 0.110338 0.642199 0.758555 0.000000 0.495481 0.626070 -0.602109 0.000000 -0.861582 0.442285 -0.249118 0.000000 -15.991831 12.662833 -9.095996 1.000000
aniFrame
  m_time -0.366000
  m_vertexTransformMat 0.069635 0.827488 0.557149 0.000000 0.283824 0.518988 -0.806285 0.000000 -0.956344 0.214278 -0.198721 0.000000 -17.092237 13.639334 -12.223208 1.000000
aniFrame
  m_time -0.266000
  m_vertexTransformMat 0.050993 0.793835 0.605992 0.000000 0.382723 0.544924 -0.746044 0.000000 -0.922455 0.269970 -0.276031 0.000000 -16.776989 15.608950 -12.260046 1.000000
aniFrame
  m_time -0.166000
  m_vertexTransformMat 0.016368 0.658387 0.752502 0.000000 0.638171 0.572492 -0.514773 0.000000 -0.769721 0.488651 -0.410793 0.000000 -14.820146 18.517218 -11.410022 1.000000
aniFrame
  m_time -0.066000
  m_vertexTransformMat -0.080682 0.492819 0.866384 0.000000 0.843991 0.496192 -0.203648 0.000000 -0.530254 0.714789 -0.455968 0.000000 -12.650578 20.729546 -10.387364 1.000000
aniFrame
  m_time 0.033000
  m_vertexTransformMat -0.229312 0.342169 0.911228 0.000000 0.885579 0.461852 0.049430 0.000000 -0.403939 0.818299 -0.408926 0.000000 -13.652914 20.366583 -9.668131 1.000000
aniFrame
  m_time 0.133000
  m_vertexTransformMat -0.395472 0.070279 0.915786 0.000000 0.707743 0.658816 0.255072 0.000000 -0.585407 0.749014 -0.310282 0.000000 -20.260622 13.438436 -9.606176 1.000000
aniFrame
  m_time 0.233000
  m_vertexTransformMat -0.344918 -0.028525 0.938200 0.000000 0.608492 0.754260 0.246637 0.000000 -0.714682 0.655956 -0.242800 0.000000 -21.687397 8.937478 -7.837671 1.000000
aniFrame
  m_time 0.333000
  m_vertexTransformMat -0.201310 0.087667 0.975597 0.000000 0.644061 0.762258 0.064403 0.000000 -0.738010 0.641309 -0.209913 0.000000 -20.237019 8.998234 -5.454401 1.000000
aniFrame
  m_time 0.433000
  m_vertexTransformMat -0.037430 0.286323 0.957402 0.000000 0.666811 0.720737 -0.189476 0.000000 -0.744287 0.631314 -0.217901 0.000000 -17.920338 10.455864 -5.197522 1.000000
aniFrame
  m_time 0.533000
  m_vertexTransformMat 0.081894 0.485480 0.870404 0.000000 0.619211 0.659540 -0.426128 0.000000 -0.780943 0.573861 -0.246601 0.000000 -16.159424 11.889811 -6.899077 1.000000
aniFrame
  m_time 0.633000
  m_vertexTransformMat 0.103995 0.724020 0.681895 0.000000 0.409486 0.593637 -0.692760 0.000000 -0.906370 0.351270 -0.234741 0.000000 -16.253210 13.003050 -10.421786 1.000000
aniFrame
  m_time 0.733000
  m_vertexTransformMat 0.058729 0.835867 0.545781 0.000000 0.281078 0.510760 -0.812477 0.000000 -0.957887 0.201123 -0.204947 0.000000 -17.238075 14.124907 -12.476240 1.000000
aniFrame
  m_time 0.833000
  m_vertexTransformMat 0.044990 0.756560 0.652375 0.000000 0.461384 0.563479 -0.685286 0.000000 -0.886059 0.331826 -0.323714 0.000000 -16.276701 16.540091 -12.031331 1.000000
aniFrame
  m_time 0.933000
  m_vertexTransformMat -0.008928 0.602744 0.797885 0.000000 0.720829 0.556902 -0.412633 0.000000 -0.693056 0.571455 -0.439447 0.000000 -13.987203 19.421755 -11.069949 1.000000
aniFrame
  m_time 1.033000
  m_vertexTransformMat -0.124233 0.442999 0.887873 0.000000 0.878643 0.464871 -0.109003 0.000000 -0.461035 0.766581 -0.446990 0.000000 -12.372388 21.034628 -10.075961 1.000000
aniFrame
  m_time 1.133000
  m_vertexTransformMat -0.300867 0.262664 0.916781 0.000000 0.845471 0.518208 0.128994 0.000000 -0.441201 0.813921 -0.377986 0.000000 -15.850932 18.687798 -9.651601 1.000000
aniFrame
  m_time 1.233000
  m_vertexTransformMat -0.398651 -0.005000 0.917089 0.000000 0.643946 0.710490 0.283792 0.000000 -0.653001 0.703690 -0.280018 0.000000 -21.422522 10.929858 -9.245580 1.000000
aniFrame
  m_time 1.333000
  m_vertexTransformMat -0.302811 -0.003814 0.953043 0.000000 0.615667 0.762552 0.198668 0.000000 -0.727502 0.646916 -0.228561 0.000000 -21.368031 8.714083 -6.942787 1.000000
aniFrame
  m_time 1.433000
  m_vertexTransformMat -0.145932 0.148805 0.978040 0.000000 0.657272 0.753472 -0.016567 0.000000 -0.739390 0.640420 -0.207761 0.000000 -19.503178 9.403325 -5.088137 1.000000
aniFrame
  m_time 1.533000
  m_vertexTransformMat 0.010577 0.356440 0.934259 0.000000 0.659780 0.699579 -0.274374 0.000000 -0.751385 0.619307 -0.227772 0.000000 -17.193766 10.995477 -5.627657 1.000000
aniFrame
  m_time 1.633000
  m_vertexTransformMat 0.102507 0.556900 0.824230 0.000000 0.571159 0.645441 -0.507132 0.000000 -0.814414 0.522751 -0.251916 0.000000 -15.950441 12.273952 -7.829623 1.000000
aniFrame
  m_time 1.733000
  m_vertexTransformMat 0.087661 0.788560 0.608678 0.000000 0.332555 0.552809 -0.764074 0.000000 -0.939001 0.269398 -0.213779 0.000000 -16.680931 13.303164 -11.520835 1.000000
aniFrame
  m_time 1.833000
  m_vertexTransformMat 0.054017 0.820826 0.568619 0.000000 0.316664 0.525975 -0.789350 0.000000 -0.946998 0.222699 -0.231515 0.000000 -17.131979 14.727217 -12.368644 1.000000
aniFrame
  m_time 1.933000
  m_vertexTransformMat 0.027805 0.710085 0.703567 0.000000 0.510761 0.594932 -0.620628 0.000000 -0.859273 0.376611 -0.346141 0.000000 -16.120916 16.740492 -11.330332 1.000000
aniFrame
  m_time 2.033000
  m_vertexTransformMat -0.051458 0.540398 0.839835 0.000000 0.743102 0.582542 -0.329309 0.000000 -0.667197 0.607137 -0.431547 0.000000 -14.432977 18.951416 -10.384085 1.000000
aniFrame
  m_time 2.133000
  m_vertexTransformMat -0.169914 0.397977 0.901523 0.000000 0.895033 0.445131 -0.027813 0.000000 -0.412365 0.802167 -0.431837 0.000000 -12.506251 21.056355 -9.824294 1.000000
aniFrame
  m_time 2.133000
  m_vertexTransformMat -0.169914 0.397977 0.901523 0.000000 0.895033 0.445131 -0.027813 0.000000 -0.412365 0.802167 -0.431837 0.000000 -12.506251 21.056355 -9.824294 1.000000
