m_aniFrameList.size 34
aniFrame
  m_time -1.066000
  m_vertexTransformMat -0.591620 0.182508 0.785287 0.000000 -0.410056 0.770522 -0.488005 0.000000 -0.694147 -0.610726 -0.381018 0.000000 17.897467 -16.694038 -49.514606 1.000000
aniFrame
  m_time -0.966000
  m_vertexTransformMat -0.637240 0.509647 0.578088 0.000000 -0.156142 0.649177 -0.744439 0.000000 -0.754682 -0.564650 -0.334105 0.000000 17.615318 -26.724438 -42.963287 1.000000
aniFrame
  m_time -0.866000
  m_vertexTransformMat -0.618676 0.652756 0.437207 0.000000 -0.039574 0.529895 -0.847140 0.000000 -0.784649 -0.541407 -0.302001 0.000000 16.359674 -30.451342 -37.952278 1.000000
aniFrame
  m_time -0.766000
  m_vertexTransformMat -0.595249 0.523687 0.609451 0.000000 -0.232118 0.614059 -0.754356 0.000000 -0.769285 -0.590494 -0.243961 0.000000 15.400084 -24.687006 -42.510738 1.000000
aniFrame
  m_time -0.666000
  m_vertexTransformMat -0.484127 0.264450 0.834078 0.000000 -0.531478 0.668369 -0.520398 0.000000 -0.695091 -0.695234 -0.183026 0.000000 11.765870 -15.012506 -49.140858 1.000000
aniFrame
  m_time -0.566000
  m_vertexTransformMat -0.285682 0.011869 0.958251 0.000000 -0.742754 0.629103 -0.229228 0.000000 -0.605559 -0.777231 -0.170907 0.000000 5.535122 -5.958446 -53.202312 1.000000
aniFrame
  m_time -0.466000
  m_vertexTransformMat -0.124768 -0.154079 0.980150 0.000000 -0.718404 0.695398 0.017867 0.000000 -0.684346 -0.701913 -0.197455 0.000000 -0.027683 0.612787 -54.942280 1.000000
aniFrame
  m_time -0.366000
  m_vertexTransformMat -0.130570 -0.283744 0.949969 0.000000 -0.473271 0.859793 0.191760 0.000000 -0.871187 -0.424554 -0.246551 0.000000 -0.802887 6.720928 -55.308575 1.000000
aniFrame
  m_time -0.266000
  m_vertexTransformMat -0.245959 -0.243574 0.938177 0.000000 -0.426148 0.896520 0.121037 0.000000 -0.870576 -0.370032 -0.324306 0.000000 3.681475 4.622247 -55.097721 1.000000
aniFrame
  m_time -0.166000
  m_vertexTransformMat -0.387567 -0.116142 0.914496 0.000000 -0.460943 0.883527 -0.083141 0.000000 -0.798325 -0.453753 -0.395961 0.000000 9.926604 -2.436513 -54.091053 1.000000
aniFrame
  m_time -0.066000
  m_vertexTransformMat -0.522984 0.057673 0.850389 0.000000 -0.457792 0.822580 -0.337326 0.000000 -0.718968 -0.565717 -0.403794 0.000000 15.557067 -11.265733 -51.800003 1.000000
aniFrame
  m_time 0.033000
  m_vertexTransformMat -0.619668 0.267128 0.738007 0.000000 -0.354981 0.743241 -0.567082 0.000000 -0.700001 -0.613381 -0.365737 0.000000 18.486650 -19.708786 -47.934605 1.000000
aniFrame
  m_time 0.133000
  m_vertexTransformMat -0.639840 0.582716 0.501046 0.000000 -0.093590 0.588037 -0.803402 0.000000 -0.762788 -0.560941 -0.321713 0.000000 17.455963 -29.246132 -40.336964 1.000000
aniFrame
  m_time 0.233000
  m_vertexTransformMat -0.614581 0.629143 0.475888 0.000000 -0.080821 0.549872 -0.831330 0.000000 -0.784703 -0.549381 -0.287093 0.000000 16.150171 -29.162857 -38.901104 1.000000
aniFrame
  m_time 0.333000
  m_vertexTransformMat -0.571512 0.446421 0.688537 0.000000 -0.329811 0.643355 -0.690883 0.000000 -0.751398 -0.621934 -0.220451 0.000000 14.588485 -21.701447 -44.774357 1.000000
aniFrame
  m_time 0.433000
  m_vertexTransformMat -0.422515 0.171794 0.889926 0.000000 -0.619903 0.661529 -0.422018 0.000000 -0.661213 -0.729977 -0.173010 0.000000 9.828464 -11.692487 -50.888359 1.000000
aniFrame
  m_time 0.533000
  m_vertexTransformMat -0.223876 -0.047682 0.973451 0.000000 -0.771228 0.619346 -0.147031 0.000000 -0.595893 -0.783669 -0.175430 0.000000 3.555632 -3.761926 -53.832321 1.000000
aniFrame
  m_time 0.633000
  m_vertexTransformMat -0.102104 -0.208261 0.972729 0.000000 -0.641260 0.761334 0.095691 0.000000 -0.760501 -0.614001 -0.211285 0.000000 -1.112390 3.052290 -55.293663 1.000000
aniFrame
  m_time 0.733000
  m_vertexTransformMat -0.165163 -0.286897 0.943617 0.000000 -0.431619 0.881298 0.192403 0.000000 -0.886807 -0.375505 -0.269388 0.000000 0.358583 6.937898 -55.249516 1.000000
aniFrame
  m_time 0.833000
  m_vertexTransformMat -0.291752 -0.208334 0.933530 0.000000 -0.436451 0.897458 0.063882 0.000000 -0.851112 -0.388802 -0.352763 0.000000 5.677608 2.650444 -54.890991 1.000000
aniFrame
  m_time 0.933000
  m_vertexTransformMat -0.435141 -0.061635 0.898250 0.000000 -0.467684 0.867976 -0.167004 0.000000 -0.769366 -0.492768 -0.406518 0.000000 11.998211 -5.332726 -53.487305 1.000000
aniFrame
  m_time 1.033000
  m_vertexTransformMat -0.560411 0.119943 0.819483 0.000000 -0.438834 0.796145 -0.416628 0.000000 -0.702399 -0.593100 -0.393534 0.000000 16.908897 -14.089757 -50.715416 1.000000
aniFrame
  m_time 1.133000
  m_vertexTransformMat -0.640572 0.378509 0.668131 0.000000 -0.270006 0.703495 -0.657413 0.000000 -0.718863 -0.601520 -0.348440 0.000000 18.575588 -23.290388 -45.697784 1.000000
aniFrame
  m_time 1.233000
  m_vertexTransformMat -0.627193 0.639884 0.444047 0.000000 -0.042424 0.541208 -0.839818 0.000000 -0.777708 -0.545566 -0.312295 0.000000 16.772421 -30.602486 -38.372459 1.000000
aniFrame
  m_time 1.333000
  m_vertexTransformMat -0.608265 0.585531 0.535880 0.000000 -0.146892 0.580436 -0.800948 0.000000 -0.780023 -0.565905 -0.267049 0.000000 15.877188 -27.213371 -40.486923 1.000000
aniFrame
  m_time 1.433000
  m_vertexTransformMat -0.534553 0.358100 0.765518 0.000000 -0.432288 0.662478 -0.611761 0.000000 -0.726210 -0.657943 -0.199327 0.000000 13.375134 -18.414034 -47.058411 1.000000
aniFrame
  m_time 1.533000
  m_vertexTransformMat -0.354284 0.086047 0.931171 0.000000 -0.691625 0.646085 -0.322847 0.000000 -0.629395 -0.758400 -0.169385 0.000000 7.693141 -8.629788 -52.240189 1.000000
aniFrame
  m_time 1.633000
  m_vertexTransformMat -0.169055 -0.099821 0.980539 0.000000 -0.765114 0.640429 -0.066716 0.000000 -0.621306 -0.761503 -0.184642 0.000000 1.673421 -1.698917 -54.398228 1.000000
aniFrame
  m_time 1.733000
  m_vertexTransformMat -0.105642 -0.254802 0.961206 0.000000 -0.551479 0.819360 0.156590 0.000000 -0.827472 -0.513543 -0.227076 0.000000 -1.366675 5.259827 -55.385029 1.000000
aniFrame
  m_time 1.833000
  m_vertexTransformMat -0.202888 -0.268504 0.941670 0.000000 -0.421246 0.892069 0.163601 0.000000 -0.883962 -0.363482 -0.294096 0.000000 1.837738 6.052384 -55.208946 1.000000
aniFrame
  m_time 1.933000
  m_vertexTransformMat -0.335586 -0.148411 0.930245 0.000000 -0.430790 0.902380 -0.011442 0.000000 -0.837736 -0.404580 -0.366760 0.000000 7.407356 0.092702 -54.610584 1.000000
aniFrame
  m_time 2.033000
  m_vertexTransformMat -0.475024 0.022392 0.879688 0.000000 -0.440802 0.859154 -0.259899 0.000000 -0.761607 -0.511227 -0.398248 0.000000 13.321929 -8.505356 -52.789307 1.000000
aniFrame
  m_time 2.133000
  m_vertexTransformMat -0.591620 0.182508 0.785287 0.000000 -0.410056 0.770522 -0.488005 0.000000 -0.694147 -0.610726 -0.381018 0.000000 17.897463 -16.694044 -49.514603 1.000000
aniFrame
  m_time 2.133000
  m_vertexTransformMat -0.591620 0.182508 0.785287 0.000000 -0.410056 0.770522 -0.488005 0.000000 -0.694147 -0.610726 -0.381018 0.000000 17.897463 -16.694044 -49.514603 1.000000
