 34
 -1.066000
 0.552547 0.543555 -0.631855 0.000000 -0.639707 0.762530 0.096556 0.000000 0.534292 0.350851 0.769049 0.000000 3.167612 -13.046324 -1.569513 1.000000
 -0.966000
 0.741418 0.224125 -0.632509 0.000000 -0.459415 0.856571 -0.235000 0.000000 0.489119 0.464817 0.738043 0.000000 -2.331930 -6.399196 -1.514558 1.000000
 -0.866000
 0.800560 0.049784 -0.597181 0.000000 -0.353072 0.844389 -0.402925 0.000000 0.484194 0.533414 0.693561 0.000000 -4.102379 -1.899078 -1.965054 1.000000
 -0.766000
 0.679921 0.208652 -0.702973 0.000000 -0.494631 0.838223 -0.229615 0.000000 0.541338 0.503833 0.673131 0.000000 -1.317108 -2.925116 -0.368578 1.000000
 -0.666000
 0.414399 0.473223 -0.777389 0.000000 -0.673330 0.734093 0.087938 0.000000 0.612290 0.486998 0.622843 0.000000 3.867512 -5.157037 -0.463462 1.000000
 -0.566000
 0.122478 0.675334 -0.727270 0.000000 -0.730394 0.557469 0.394655 0.000000 0.671955 0.482857 0.561538 0.000000 9.123634 -6.568673 -3.045021 1.000000
 -0.466000
 0.055591 0.792890 -0.606824 0.000000 -0.610748 0.507803 0.607556 0.000000 0.789872 0.336842 0.512485 0.000000 11.583716 -9.540084 -7.076829 1.000000
 -0.366000
 0.271208 0.837367 -0.474618 0.000000 -0.406494 0.546612 0.732105 0.000000 0.872473 -0.005624 0.488630 0.000000 8.888802 -14.770379 -10.887856 1.000000
 -0.266000
 0.378035 0.800790 -0.464571 0.000000 -0.437180 0.596747 0.672879 0.000000 0.816066 -0.051271 0.575681 0.000000 7.254576 -16.074106 -9.404170 1.000000
 -0.166000
 0.428823 0.741787 -0.515620 0.000000 -0.553372 0.666835 0.499110 0.000000 0.714067 0.071300 0.696438 0.000000 6.603818 -16.090687 -5.805151 1.000000
 -0.066000
 0.490750 0.638613 -0.592739 0.000000 -0.635844 0.727605 0.257479 0.000000 0.595708 0.250531 0.763129 0.000000 5.004590 -14.708703 -2.751075 1.000000
 0.033000
 0.603199 0.469904 -0.644470 0.000000 -0.611799 0.791003 0.004126 0.000000 0.511717 0.391797 0.764619 0.000000 1.696671 -11.657214 -1.219784 1.000000
 0.133000
 0.778462 0.138864 -0.612139 0.000000 -0.410271 0.850637 -0.328777 0.000000 0.475053 0.507083 0.719161 0.000000 -3.440235 -4.633045 -1.781145 1.000000
 0.233000
 0.776973 0.080663 -0.624345 0.000000 -0.383750 0.846878 -0.368149 0.000000 0.499048 0.525634 0.688956 0.000000 -3.518709 -1.929833 -1.477820 1.000000
 0.333000
 0.605341 0.294175 -0.739610 0.000000 -0.560012 0.817723 -0.133103 0.000000 0.565640 0.494763 0.659743 0.000000 0.225102 -3.676702 -0.077535 1.000000
 0.433000
 0.309450 0.553365 -0.773323 0.000000 -0.709728 0.675647 0.199470 0.000000 0.632873 0.487123 0.601817 0.000000 5.766130 -5.738358 -1.118371 1.000000
 0.533000
 0.058895 0.716614 -0.694979 0.000000 -0.717136 0.514673 0.469923 0.000000 0.694440 0.470718 0.544221 0.000000 10.365843 -6.964835 -4.109400 1.000000
 0.633000
 0.113958 0.823381 -0.555929 0.000000 -0.530920 0.523441 0.666433 0.000000 0.839725 0.219209 0.496800 0.000000 11.224922 -11.510920 -8.767225 1.000000
 0.733000
 0.324515 0.827128 -0.458856 0.000000 -0.392674 0.559138 0.730186 0.000000 0.860521 -0.056775 0.506241 0.000000 7.977901 -15.518287 -10.902351 1.000000
 0.833000
 0.396786 0.784660 -0.476308 0.000000 -0.473764 0.619510 0.625903 0.000000 0.786199 -0.022692 0.617557 0.000000 7.046963 -16.209377 -8.292299 1.000000
 0.933000
 0.446137 0.713068 -0.540829 0.000000 -0.588709 0.688979 0.422765 0.000000 0.674080 0.129779 0.727168 0.000000 6.238579 -15.796452 -4.637105 1.000000
 1.033000
 0.519467 0.593303 -0.614936 0.000000 -0.643805 0.744938 0.174878 0.000000 0.561845 0.305055 0.768942 0.000000 4.150203 -13.938301 -2.071838 1.000000
 1.133000
 0.669824 0.363750 -0.647319 0.000000 -0.554890 0.824503 -0.110866 0.000000 0.493389 0.433451 0.754113 0.000000 -0.239909 -9.544137 -1.132979 1.000000
 1.233000
 0.802003 0.066740 -0.593580 0.000000 -0.360821 0.846074 -0.392387 0.000000 0.476025 0.528871 0.702635 0.000000 -4.120025 -2.777471 -2.064339 1.000000
 1.333000
 0.737105 0.135379 -0.662080 0.000000 -0.433313 0.846496 -0.309329 0.000000 0.518571 0.514896 0.682618 0.000000 -2.581620 -2.306369 -0.889957 1.000000
 1.433000
 0.515330 0.384778 -0.765756 0.000000 -0.621813 0.782763 -0.025137 0.000000 0.589733 0.489111 0.642640 0.000000 1.981937 -4.451434 -0.109003 1.000000
 1.533000
 0.209050 0.621199 -0.755255 0.000000 -0.728670 0.614023 0.303344 0.000000 0.652181 0.486917 0.581010 0.000000 7.556273 -6.191810 -2.010276 1.000000
 1.633000
 0.034337 0.754387 -0.655531 0.000000 -0.678210 0.499359 0.539140 0.000000 0.734066 0.426075 0.528779 0.000000 11.233992 -7.888345 -5.415666 1.000000
 1.733000
 0.193258 0.838425 -0.509604 0.000000 -0.457036 0.536531 0.709404 0.000000 0.868199 0.095810 0.486879 0.000000 10.186125 -13.368134 -10.124242 1.000000
 1.833000
 0.355666 0.813498 -0.460135 0.000000 -0.406902 0.577997 0.707355 0.000000 0.841388 -0.064352 0.536587 0.000000 7.502706 -15.818945 -10.280568 1.000000
 1.933000
 0.425000 0.751238 -0.504992 0.000000 -0.496015 0.659945 0.564306 0.000000 0.757195 0.010654 0.653102 0.000000 6.495444 -15.858441 -6.926879 1.000000
 2.033000
 0.484780 0.656590 -0.577821 0.000000 -0.591252 0.732842 0.336695 0.000000 0.644522 0.178414 0.743478 0.000000 5.215872 -14.699299 -3.545712 1.000000
 2.133000
 0.552546 0.543555 -0.631855 0.000000 -0.639707 0.762530 0.096556 0.000000 0.534292 0.350851 0.769049 0.000000 3.167611 -13.046323 -1.569510 1.000000
 2.133000
 0.552546 0.543555 -0.631855 0.000000 -0.639707 0.762530 0.096556 0.000000 0.534292 0.350851 0.769049 0.000000 3.167611 -13.046323 -1.569510 1.000000
