m_aniFrameList.size 34
aniFrame
  m_time -1.066000
  m_vertexTransformMat -0.604204 0.733202 -0.312013 0.000000 0.774336 0.632645 -0.012818 0.000000 0.187996 -0.249347 -0.949992 0.000000 -17.036131 18.855446 -44.829819 1.000000
aniFrame
  m_time -0.966000
  m_vertexTransformMat -0.743929 0.616185 -0.258621 0.000000 0.577829 0.787539 0.214235 0.000000 0.335683 0.009937 -0.941923 0.000000 -19.614464 19.131617 -44.637123 1.000000
aniFrame
  m_time -0.866000
  m_vertexTransformMat -0.843898 0.496347 -0.203658 0.000000 0.420800 0.847838 0.322645 0.000000 0.332812 0.186580 -0.924351 0.000000 -22.869324 17.819981 -42.984142 1.000000
aniFrame
  m_time -0.766000
  m_vertexTransformMat -0.872324 0.471360 -0.129886 0.000000 0.443280 0.874546 0.196652 0.000000 0.206286 0.113968 -0.971832 0.000000 -26.554003 14.290648 -40.563709 1.000000
aniFrame
  m_time -0.666000
  m_vertexTransformMat -0.867294 0.492308 -0.073718 0.000000 0.495598 0.867846 -0.035017 0.000000 0.046737 -0.066905 -0.996664 0.000000 -29.823965 9.770344 -38.578873 1.000000
aniFrame
  m_time -0.566000
  m_vertexTransformMat -0.868724 0.492087 -0.056299 0.000000 0.485535 0.823625 -0.293083 0.000000 -0.097853 -0.281943 -0.954428 0.000000 -32.440331 4.454735 -37.049526 1.000000
aniFrame
  m_time -0.466000
  m_vertexTransformMat -0.926943 0.373796 -0.032431 0.000000 0.328193 0.765886 -0.552908 0.000000 -0.181837 -0.523158 -0.832611 0.000000 -34.610069 -3.483042 -34.461761 1.000000
aniFrame
  m_time -0.366000
  m_vertexTransformMat -0.980118 0.195164 0.035769 0.000000 0.099044 0.637443 -0.764106 0.000000 -0.171926 -0.745371 -0.644099 0.000000 -35.004402 -11.408866 -29.615499 1.000000
aniFrame
  m_time -0.266000
  m_vertexTransformMat -0.969633 0.240155 -0.046246 0.000000 0.200012 0.669863 -0.715038 0.000000 -0.140742 -0.702574 -0.697555 0.000000 -33.984684 -7.631367 -32.620136 1.000000
aniFrame
  m_time -0.166000
  m_vertexTransformMat -0.877641 0.431720 -0.208238 0.000000 0.474904 0.724387 -0.499730 0.000000 -0.064898 -0.537477 -0.840778 0.000000 -29.644217 2.781962 -39.399284 1.000000
aniFrame
  m_time -0.066000
  m_vertexTransformMat -0.698197 0.648496 -0.303272 0.000000 0.711427 0.675809 -0.192754 0.000000 0.079953 -0.350336 -0.933206 0.000000 -21.592834 13.988385 -43.933506 1.000000
aniFrame
  m_time 0.033000
  m_vertexTransformMat -0.600790 0.739127 -0.304535 0.000000 0.760296 0.646009 0.067989 0.000000 0.246985 -0.190690 -0.950071 0.000000 -16.135349 20.110430 -44.945908 1.000000
aniFrame
  m_time 0.133000
  m_vertexTransformMat -0.759404 0.600487 -0.250441 0.000000 0.533695 0.795090 0.288098 0.000000 0.372123 0.085124 -0.924272 0.000000 -19.521389 19.937340 -44.362007 1.000000
aniFrame
  m_time 0.233000
  m_vertexTransformMat -0.858923 0.479212 -0.180574 0.000000 0.417374 0.859389 0.295381 0.000000 0.296734 0.178343 -0.938159 0.000000 -24.113365 16.761126 -42.241962 1.000000
aniFrame
  m_time 0.333000
  m_vertexTransformMat -0.872665 0.476479 -0.106882 0.000000 0.463139 0.876975 0.128132 0.000000 0.154785 0.062315 -0.985981 0.000000 -27.709732 12.887327 -39.802383 1.000000
aniFrame
  m_time 0.433000
  m_vertexTransformMat -0.864899 0.497789 -0.064475 0.000000 0.501911 0.856139 -0.122930 0.000000 -0.005994 -0.138682 -0.990319 0.000000 -30.770103 8.071094 -38.060062 1.000000
aniFrame
  m_time 0.533000
  m_vertexTransformMat -0.877233 0.477071 -0.053532 0.000000 0.461363 0.806980 -0.368683 0.000000 -0.132689 -0.348118 -0.928013 0.000000 -33.152142 2.572962 -36.482754 1.000000
aniFrame
  m_time 0.633000
  m_vertexTransformMat -0.953505 0.301259 -0.008482 0.000000 0.234982 0.725522 -0.646840 0.000000 -0.188713 -0.618758 -0.762579 0.000000 -35.003048 -6.987096 -32.773243 1.000000
aniFrame
  m_time 0.733000
  m_vertexTransformMat -0.982286 0.185018 0.029704 0.000000 0.094883 0.627782 -0.772585 0.000000 -0.161590 -0.756081 -0.634217 0.000000 -34.817211 -11.355414 -29.578186 1.000000
aniFrame
  m_time 0.833000
  m_vertexTransformMat -0.951117 0.292245 -0.099845 0.000000 0.283106 0.695887 -0.659995 0.000000 -0.123399 -0.655999 -0.744606 0.000000 -33.059772 -4.653893 -34.832512 1.000000
aniFrame
  m_time 0.933000
  m_vertexTransformMat -0.822988 0.509119 -0.251970 0.000000 0.567600 0.719181 -0.400761 0.000000 -0.022823 -0.472840 -0.880853 0.000000 -27.179117 6.771915 -41.347099 1.000000
aniFrame
  m_time 1.033000
  m_vertexTransformMat -0.642971 0.699646 -0.311584 0.000000 0.753890 0.649890 -0.096399 0.000000 0.135050 -0.296882 -0.945316 0.000000 -19.022881 16.786383 -44.550194 1.000000
aniFrame
  m_time 1.133000
  m_vertexTransformMat -0.636857 0.714280 -0.290201 0.000000 0.706197 0.691471 0.152162 0.000000 0.309352 -0.108034 -0.944791 0.000000 -16.471857 20.653690 -44.957401 1.000000
aniFrame
  m_time 1.233000
  m_vertexTransformMat -0.812342 0.537279 -0.226784 0.000000 0.458052 0.828515 0.322105 0.000000 0.360954 0.157781 -0.919140 0.000000 -21.352274 18.912813 -43.698704 1.000000
aniFrame
  m_time 1.333000
  m_vertexTransformMat -0.868096 0.471516 -0.155184 0.000000 0.426461 0.868408 0.252981 0.000000 0.254048 0.153432 -0.954945 0.000000 -25.351528 15.584013 -41.405613 1.000000
aniFrame
  m_time 1.433000
  m_vertexTransformMat -0.870457 0.484342 -0.087855 0.000000 0.481769 0.874878 0.049867 0.000000 0.101015 0.001081 -0.994885 0.000000 -28.804052 11.378671 -39.151939 1.000000
aniFrame
  m_time 1.533000
  m_vertexTransformMat -0.864919 0.498405 -0.059223 0.000000 0.498896 0.840801 -0.210133 0.000000 -0.054937 -0.211294 -0.975878 0.000000 -31.643135 6.293689 -37.562893 1.000000
aniFrame
  m_time 1.633000
  m_vertexTransformMat -0.897550 0.438374 -0.047258 0.000000 0.410268 0.791093 -0.453710 0.000000 -0.161509 -0.426616 -0.889895 0.000000 -33.910137 -0.024983 -35.703197 1.000000
aniFrame
  m_time 1.733000
  m_vertexTransformMat -0.971245 0.237380 0.018279 0.000000 0.151876 0.676867 -0.720267 0.000000 -0.183349 -0.696779 -0.693456 0.000000 -35.097794 -9.810835 -30.945353 1.000000
aniFrame
  m_time 1.833000
  m_vertexTransformMat -0.979557 0.201158 0.001706 0.000000 0.131177 0.645163 -0.752700 0.000000 -0.152513 -0.737089 -0.658361 0.000000 -34.540695 -10.010243 -30.691971 1.000000
aniFrame
  m_time 1.933000
  m_vertexTransformMat -0.937183 0.324048 -0.129155 0.000000 0.334572 0.730180 -0.595735 0.000000 -0.098740 -0.601524 -0.792730 0.000000 -32.152687 -2.427985 -36.356354 1.000000
aniFrame
  m_time 2.033000
  m_vertexTransformMat -0.807248 0.531474 -0.256685 0.000000 0.589705 0.744318 -0.313430 0.000000 0.024475 -0.404384 -0.914262 0.000000 -25.975088 8.714705 -42.207645 1.000000
aniFrame
  m_time 2.133000
  m_vertexTransformMat -0.604204 0.733202 -0.312013 0.000000 0.774336 0.632645 -0.012818 0.000000 0.187996 -0.249347 -0.949992 0.000000 -17.036129 18.855448 -44.829823 1.000000
aniFrame
  m_time 2.133000
  m_vertexTransformMat -0.604204 0.733202 -0.312013 0.000000 0.774336 0.632645 -0.012818 0.000000 0.187996 -0.249347 -0.949992 0.000000 -17.036129 18.855448 -44.829823 1.000000
