m_aniFrameList.size 34
aniFrame
  m_time -1.066000
  m_vertexTransformMat -0.151586 0.242992 0.958111 0.000000 0.879565 0.475416 0.018586 0.000000 -0.450985 0.845538 -0.285793 0.000000 -12.442518 17.875801 -7.193532 1.000000
aniFrame
  m_time -0.966000
  m_vertexTransformMat -0.299818 -0.008963 0.953954 0.000000 0.717339 0.657096 0.231626 0.000000 -0.628916 0.753754 -0.190580 0.000000 -18.491095 11.331929 -7.536532 1.000000
aniFrame
  m_time -0.866000
  m_vertexTransformMat -0.297811 -0.180529 0.937400 0.000000 0.581973 0.744045 0.328184 0.000000 -0.756714 0.643279 -0.116521 0.000000 -20.508778 5.874255 -7.063688 1.000000
aniFrame
  m_time -0.766000
  m_vertexTransformMat -0.170004 -0.106598 0.979661 0.000000 0.605714 0.772859 0.189207 0.000000 -0.777308 0.625561 -0.066821 0.000000 -19.321478 5.306911 -4.431552 1.000000
aniFrame
  m_time -0.666000
  m_vertexTransformMat -0.009457 0.073373 0.997260 0.000000 0.651469 0.757057 -0.049523 0.000000 -0.758616 0.649215 -0.054960 0.000000 -17.011871 6.717584 -3.010892 1.000000
aniFrame
  m_time -0.566000
  m_vertexTransformMat 0.134829 0.287199 0.948334 0.000000 0.637646 0.707422 -0.304897 0.000000 -0.758438 0.645810 -0.087751 0.000000 -14.621674 8.747053 -3.843782 1.000000
aniFrame
  m_time -0.466000
  m_vertexTransformMat 0.216665 0.530306 0.819654 0.000000 0.491733 0.666029 -0.560896 0.000000 -0.843359 0.524578 -0.116463 0.000000 -13.380838 10.827127 -6.478019 1.000000
aniFrame
  m_time -0.366000
  m_vertexTransformMat 0.202799 0.754482 0.624203 0.000000 0.277119 0.567170 -0.775580 0.000000 -0.939190 0.330265 -0.094060 0.000000 -13.870829 13.006607 -9.720588 1.000000
aniFrame
  m_time -0.266000
  m_vertexTransformMat 0.173760 0.711183 0.681196 0.000000 0.375161 0.591754 -0.713500 0.000000 -0.910528 0.379536 -0.163985 0.000000 -13.843465 14.695411 -9.503092 1.000000
aniFrame
  m_time -0.166000
  m_vertexTransformMat 0.101903 0.541924 0.834227 0.000000 0.629854 0.613947 -0.475766 0.000000 -0.770000 0.573923 -0.278770 0.000000 -12.857515 16.603764 -8.323324 1.000000
aniFrame
  m_time -0.066000
  m_vertexTransformMat -0.042391 0.347420 0.936751 0.000000 0.832396 0.530822 -0.159201 0.000000 -0.552558 0.772999 -0.311693 0.000000 -11.978241 17.904232 -7.453687 1.000000
aniFrame
  m_time 0.033000
  m_vertexTransformMat -0.210970 0.184525 0.959918 0.000000 0.866859 0.489126 0.096493 0.000000 -0.451716 0.852471 -0.263148 0.000000 -13.671982 17.041069 -7.222421 1.000000
aniFrame
  m_time 0.133000
  m_vertexTransformMat -0.336842 -0.083455 0.937855 0.000000 0.677998 0.669663 0.303102 0.000000 -0.653342 0.737961 -0.168988 0.000000 -19.533089 9.790444 -7.816263 1.000000
aniFrame
  m_time 0.233000
  m_vertexTransformMat -0.261402 -0.171520 0.949869 0.000000 0.580393 0.758376 0.296665 0.000000 -0.771242 0.628845 -0.098692 0.000000 -20.282305 5.390214 -6.261744 1.000000
aniFrame
  m_time 0.333000
  m_vertexTransformMat -0.118052 -0.055073 0.991479 0.000000 0.623771 0.772772 0.117195 0.000000 -0.772641 0.632290 -0.056875 0.000000 -18.638962 5.621152 -3.698712 1.000000
aniFrame
  m_time 0.433000
  m_vertexTransformMat 0.043318 0.144657 0.988533 0.000000 0.655677 0.742439 -0.137377 0.000000 -0.753798 0.654109 -0.062687 0.000000 -16.152086 7.392898 -3.068570 1.000000
aniFrame
  m_time 0.533000
  m_vertexTransformMat 0.169307 0.353365 0.920037 0.000000 0.614509 0.691986 -0.378859 0.000000 -0.770528 0.629514 -0.099988 0.000000 -14.056215 9.345925 -4.419952 1.000000
aniFrame
  m_time 0.633000
  m_vertexTransformMat 0.222068 0.626983 0.746712 0.000000 0.405046 0.637305 -0.655577 0.000000 -0.886918 0.448035 -0.112432 0.000000 -13.359701 11.641382 -7.811349 1.000000
aniFrame
  m_time 0.733000
  m_vertexTransformMat 0.192433 0.765248 0.614301 0.000000 0.273744 0.559289 -0.782471 0.000000 -0.942356 0.318734 -0.101857 0.000000 -14.018949 13.561991 -9.954080 1.000000
aniFrame
  m_time 0.833000
  m_vertexTransformMat 0.157890 0.663747 0.731103 0.000000 0.453739 0.608829 -0.650729 0.000000 -0.877036 0.434473 -0.205040 0.000000 -13.597544 15.329443 -9.133512 1.000000
aniFrame
  m_time 0.933000
  m_vertexTransformMat 0.060494 0.474948 0.877933 0.000000 0.711761 0.596120 -0.371535 0.000000 -0.699812 0.647353 -0.301988 0.000000 -12.455343 17.162186 -7.973393 1.000000
aniFrame
  m_time 1.033000
  m_vertexTransformMat -0.098039 0.291887 0.951415 0.000000 0.865265 0.497288 -0.063403 0.000000 -0.491634 0.817011 -0.301313 0.000000 -12.054418 18.007267 -7.287613 1.000000
aniFrame
  m_time 1.133000
  m_vertexTransformMat -0.273542 0.103747 0.956248 0.000000 0.822378 0.540850 0.176568 0.000000 -0.498868 0.834696 -0.233265 0.000000 -15.752544 15.210779 -7.428646 1.000000
aniFrame
  m_time 1.233000
  m_vertexTransformMat -0.325957 -0.153411 0.932855 0.000000 0.613408 0.716515 0.332169 0.000000 -0.719363 0.680493 -0.139450 0.000000 -20.356098 7.293764 -7.607757 1.000000
aniFrame
  m_time 1.333000
  m_vertexTransformMat -0.218260 -0.146185 0.964880 0.000000 0.589799 0.767955 0.249765 0.000000 -0.777496 0.623599 -0.081394 0.000000 -19.879492 5.215579 -5.334793 1.000000
aniFrame
  m_time 1.433000
  m_vertexTransformMat -0.063937 0.005838 0.997937 0.000000 0.640074 0.767445 0.036520 0.000000 -0.765648 0.641089 -0.052804 0.000000 -17.858269 6.109075 -3.221831 1.000000
aniFrame
  m_time 1.533000
  m_vertexTransformMat 0.092154 0.216830 0.971850 0.000000 0.651295 0.725150 -0.223547 0.000000 -0.753208 0.653561 -0.074395 0.000000 -15.336514 8.084183 -3.365825 1.000000
aniFrame
  m_time 1.633000
  m_vertexTransformMat 0.197470 0.432554 0.879718 0.000000 0.567345 0.681403 -0.462395 0.000000 -0.799453 0.590413 -0.110851 0.000000 -13.631557 10.018270 -5.265334 1.000000
aniFrame
  m_time 1.733000
  m_vertexTransformMat 0.215226 0.705642 0.675090 0.000000 0.326972 0.599321 -0.730687 0.000000 -0.920199 0.377999 -0.101735 0.000000 -13.573965 12.374683 -8.966300 1.000000
aniFrame
  m_time 1.833000
  m_vertexTransformMat 0.184156 0.746217 0.639724 0.000000 0.309121 0.573858 -0.758373 0.000000 -0.933022 0.337411 -0.124992 0.000000 -14.009408 14.045914 -9.755927 1.000000
aniFrame
  m_time 1.933000
  m_vertexTransformMat 0.134081 0.609208 0.781594 0.000000 0.502348 0.638080 -0.583524 0.000000 -0.854206 0.470872 -0.220480 0.000000 -13.630755 15.267600 -8.385744 1.000000
aniFrame
  m_time 2.033000
  m_vertexTransformMat 0.013301 0.406494 0.913557 0.000000 0.731869 0.618573 -0.285895 0.000000 -0.681316 0.672406 -0.289273 0.000000 -13.075612 16.454344 -7.390234 1.000000
aniFrame
  m_time 2.133000
  m_vertexTransformMat -0.151586 0.242992 0.958111 0.000000 0.879565 0.475416 0.018586 0.000000 -0.450985 0.845538 -0.285793 0.000000 -12.442518 17.875803 -7.193528 1.000000
aniFrame
  m_time 2.133000
  m_vertexTransformMat -0.151586 0.242992 0.958111 0.000000 0.879565 0.475416 0.018586 0.000000 -0.450985 0.845538 -0.285793 0.000000 -12.442518 17.875803 -7.193528 1.000000
