m_aniFrameList.size 34
aniFrame
  m_time -1.066000
  m_vertexTransformMat -0.415022 0.451629 -0.789803 0.000000 0.771150 0.635270 -0.041957 0.000000 0.482789 -0.626469 -0.611924 0.000000 -9.332949 7.938828 -53.617863 1.000000
aniFrame
  m_time -0.966000
  m_vertexTransformMat -0.443088 0.495862 -0.746857 0.000000 0.576823 0.795435 0.185902 0.000000 0.686257 -0.348433 -0.638472 0.000000 -8.513969 12.492913 -54.041794 1.000000
aniFrame
  m_time -0.866000
  m_vertexTransformMat -0.523493 0.493920 -0.694262 0.000000 0.418493 0.858825 0.295440 0.000000 0.742172 -0.135883 -0.656290 0.000000 -10.683277 14.531010 -52.803741 1.000000
aniFrame
  m_time -0.766000
  m_vertexTransformMat -0.618426 0.431903 -0.656513 0.000000 0.437251 0.883279 0.169202 0.000000 0.652963 -0.182422 -0.735093 0.000000 -15.688668 10.318316 -51.604824 1.000000
aniFrame
  m_time -0.666000
  m_vertexTransformMat -0.704890 0.348195 -0.617973 0.000000 0.485394 0.872073 -0.062297 0.000000 0.517226 -0.343873 -0.783727 0.000000 -21.049231 3.331534 -50.295815 1.000000
aniFrame
  m_time -0.566000
  m_vertexTransformMat -0.786740 0.228790 -0.573320 0.000000 0.471496 0.822185 -0.318909 0.000000 0.398412 -0.521216 -0.754719 0.000000 -25.453154 -4.637243 -48.196556 1.000000
aniFrame
  m_time -0.466000
  m_vertexTransformMat -0.877952 -0.002720 -0.478741 0.000000 0.311250 0.756565 -0.575093 0.000000 0.363763 -0.653912 -0.663382 0.000000 -27.966520 -14.373858 -44.105122 1.000000
aniFrame
  m_time -0.366000
  m_vertexTransformMat -0.910603 -0.271773 -0.311355 0.000000 0.081774 0.619993 -0.780334 0.000000 0.405111 -0.736035 -0.542344 0.000000 -27.519552 -23.203651 -37.400173 1.000000
aniFrame
  m_time -0.266000
  m_vertexTransformMat -0.887041 -0.211381 -0.410459 0.000000 0.183658 0.654113 -0.733762 0.000000 0.423590 -0.726261 -0.541403 0.000000 -26.297104 -19.363407 -40.301403 1.000000
aniFrame
  m_time -0.166000
  m_vertexTransformMat -0.775411 0.038305 -0.630294 0.000000 0.461626 0.715455 -0.524429 0.000000 0.430858 -0.697608 -0.572455 0.000000 -22.147247 -8.828106 -47.445591 1.000000
aniFrame
  m_time -0.066000
  m_vertexTransformMat -0.551741 0.323843 -0.768576 0.000000 0.704197 0.674650 -0.221259 0.000000 0.446866 -0.663306 -0.600281 0.000000 -14.257985 2.611719 -52.448940 1.000000
aniFrame
  m_time 0.033000
  m_vertexTransformMat -0.378821 0.489024 -0.785716 0.000000 0.758719 0.650255 0.038909 0.000000 0.529943 -0.581398 -0.617362 0.000000 -7.715909 9.858296 -53.876076 1.000000
aniFrame
  m_time 0.133000
  m_vertexTransformMat -0.434385 0.524746 -0.732088 0.000000 0.533471 0.804767 0.260305 0.000000 0.725754 -0.277475 -0.629516 0.000000 -7.774683 14.389288 -53.688061 1.000000
aniFrame
  m_time 0.233000
  m_vertexTransformMat -0.556043 0.474822 -0.682173 0.000000 0.413920 0.869932 0.268122 0.000000 0.720754 -0.133278 -0.680258 0.000000 -12.227140 13.529376 -52.440735 1.000000
aniFrame
  m_time 0.333000
  m_vertexTransformMat -0.648038 0.407172 -0.643628 0.000000 0.455736 0.884408 0.100636 0.000000 0.610206 -0.228109 -0.758694 0.000000 -17.502193 8.215590 -51.191952 1.000000
aniFrame
  m_time 0.433000
  m_vertexTransformMat -0.732579 0.312862 -0.604521 0.000000 0.490342 0.858545 -0.149884 0.000000 0.472116 -0.406224 -0.782361 0.000000 -22.684465 0.689078 -49.716366 1.000000
aniFrame
  m_time 0.533000
  m_vertexTransformMat -0.812668 0.179741 -0.554314 0.000000 0.446305 0.803604 -0.393742 0.000000 0.374678 -0.567374 -0.733283 0.000000 -26.496653 -7.184746 -47.263889 1.000000
aniFrame
  m_time 0.633000
  m_vertexTransformMat -0.901423 -0.115279 -0.417311 0.000000 0.217553 0.712754 -0.666824 0.000000 0.374310 -0.691877 -0.617413 0.000000 -28.104925 -18.321934 -41.699528 1.000000
aniFrame
  m_time 0.733000
  m_vertexTransformMat -0.906508 -0.285925 -0.310631 0.000000 0.077859 0.609922 -0.788627 0.000000 0.414949 -0.739082 -0.530638 0.000000 -27.178011 -23.175661 -37.171989 1.000000
aniFrame
  m_time 0.833000
  m_vertexTransformMat -0.864119 -0.142831 -0.482595 0.000000 0.267414 0.682030 -0.680680 0.000000 0.426367 -0.717241 -0.551160 0.000000 -25.407568 -16.340990 -42.616898 1.000000
aniFrame
  m_time 0.933000
  m_vertexTransformMat -0.708959 0.138725 -0.691472 0.000000 0.556101 0.712962 -0.427128 0.000000 0.433740 -0.687344 -0.582605 0.000000 -19.774223 -4.792175 -49.543484 1.000000
aniFrame
  m_time 1.033000
  m_vertexTransformMat -0.476243 0.396789 -0.784698 0.000000 0.748812 0.650817 -0.125373 0.000000 0.460948 -0.647299 -0.607067 0.000000 -11.581137 5.593159 -53.214680 1.000000
aniFrame
  m_time 1.133000
  m_vertexTransformMat -0.372411 0.513543 -0.773035 0.000000 0.705825 0.697561 0.123371 0.000000 0.602596 -0.499683 -0.622250 0.000000 -6.869169 11.645034 -54.033363 1.000000
aniFrame
  m_time 1.233000
  m_vertexTransformMat -0.482555 0.512200 -0.710487 0.000000 0.456881 0.839279 0.294739 0.000000 0.747262 -0.182380 -0.639013 0.000000 -9.157724 14.873434 -53.223289 1.000000
aniFrame
  m_time 1.333000
  m_vertexTransformMat -0.587763 0.454275 -0.669455 0.000000 0.421756 0.878188 0.225625 0.000000 0.690403 -0.149732 -0.707760 0.000000 -13.916246 12.109252 -52.031143 1.000000
aniFrame
  m_time 1.433000
  m_vertexTransformMat -0.676778 0.379468 -0.630854 0.000000 0.472966 0.880796 0.022415 0.000000 0.564159 -0.283202 -0.775579 0.000000 -19.306988 5.864123 -50.776775 1.000000
aniFrame
  m_time 1.533000
  m_vertexTransformMat -0.759910 0.273126 -0.589864 0.000000 0.486035 0.841303 -0.236600 0.000000 0.431632 -0.466489 -0.772064 0.000000 -24.167511 -1.990748 -49.018215 1.000000
aniFrame
  m_time 1.633000
  m_vertexTransformMat -0.844323 0.104160 -0.525614 0.000000 0.394206 0.785148 -0.477644 0.000000 0.362934 -0.610486 -0.703979 0.000000 -27.371620 -10.368473 -45.998882 1.000000
aniFrame
  m_time 1.733000
  m_vertexTransformMat -0.910995 -0.210616 -0.354584 0.000000 0.134396 0.661231 -0.738046 0.000000 0.389906 -0.720010 -0.574072 0.000000 -27.887722 -21.448627 -39.210823 1.000000
aniFrame
  m_time 1.833000
  m_vertexTransformMat -0.900093 -0.262369 -0.347843 0.000000 0.114413 0.628006 -0.769751 0.000000 0.420407 -0.732646 -0.535246 0.000000 -26.845009 -21.767193 -38.326870 1.000000
aniFrame
  m_time 1.933000
  m_vertexTransformMat -0.840090 -0.086875 -0.535445 0.000000 0.319689 0.718159 -0.618099 0.000000 0.438233 -0.690435 -0.575546 0.000000 -24.372623 -13.776918 -44.505798 1.000000
aniFrame
  m_time 2.033000
  m_vertexTransformMat -0.670013 0.194913 -0.716304 0.000000 0.579650 0.740186 -0.340779 0.000000 0.463776 -0.643532 -0.608915 0.000000 -18.152485 -2.234917 -50.847878 1.000000
aniFrame
  m_time 2.133000
  m_vertexTransformMat -0.415022 0.451629 -0.789803 0.000000 0.771150 0.635270 -0.041957 0.000000 0.482789 -0.626469 -0.611924 0.000000 -9.332948 7.938828 -53.617867 1.000000
aniFrame
  m_time 2.133000
  m_vertexTransformMat -0.415022 0.451629 -0.789803 0.000000 0.771150 0.635270 -0.041957 0.000000 0.482789 -0.626469 -0.611924 0.000000 -9.332948 7.938828 -53.617867 1.000000
