m_aniFrameList.size 34
aniFrame
  m_time -1.066000
  m_vertexTransformMat -0.512955 0.809881 0.284554 0.000000 0.843125 0.537620 -0.010272 0.000000 -0.161301 0.234645 -0.958605 0.000000 -18.336737 25.617538 -29.842978 1.000000
aniFrame
  m_time -0.966000
  m_vertexTransformMat -0.732728 0.584337 0.348798 0.000000 0.668677 0.713426 0.209512 0.000000 -0.126415 0.386749 -0.913480 0.000000 -24.057074 22.053556 -29.024681 1.000000
aniFrame
  m_time -0.866000
  m_vertexTransformMat -0.830078 0.392943 0.395687 0.000000 0.523830 0.792778 0.311619 0.000000 -0.191244 0.465940 -0.863902 0.000000 -27.855724 17.943657 -27.263340 1.000000
aniFrame
  m_time -0.766000
  m_vertexTransformMat -0.778781 0.416853 0.468759 0.000000 0.545012 0.819617 0.176605 0.000000 -0.310585 0.393016 -0.865492 0.000000 -29.455860 15.643859 -24.384380 1.000000
aniFrame
  m_time -0.666000
  m_vertexTransformMat -0.678112 0.536039 0.502819 0.000000 0.590947 0.804430 -0.060612 0.000000 -0.436973 0.256038 -0.862264 0.000000 -29.979795 14.049646 -22.651348 1.000000
aniFrame
  m_time -0.566000
  m_vertexTransformMat -0.598171 0.653219 0.464215 0.000000 0.576168 0.753182 -0.317407 0.000000 -0.556975 0.077602 -0.826896 0.000000 -30.290949 12.074385 -22.580811 1.000000
aniFrame
  m_time -0.466000
  m_vertexTransformMat -0.615403 0.687557 0.385414 0.000000 0.423559 0.700841 -0.573951 0.000000 -0.664738 -0.189966 -0.722521 0.000000 -31.649418 7.732512 -22.737041 1.000000
aniFrame
  m_time -0.366000
  m_vertexTransformMat -0.689929 0.654029 0.310234 0.000000 0.202284 0.585693 -0.784886 0.000000 -0.695039 -0.478760 -0.536385 0.000000 -32.966263 2.813229 -21.516060 1.000000
aniFrame
  m_time -0.266000
  m_vertexTransformMat -0.687859 0.669971 0.279268 0.000000 0.302449 0.614313 -0.728797 0.000000 -0.659830 -0.416844 -0.625193 0.000000 -32.128693 6.046630 -23.592922 1.000000
aniFrame
  m_time -0.166000
  m_vertexTransformMat -0.625366 0.738278 0.252714 0.000000 0.567737 0.652648 -0.501722 0.000000 -0.535344 -0.170285 -0.827291 0.000000 -28.069889 14.163092 -27.566525 1.000000
aniFrame
  m_time -0.066000
  m_vertexTransformMat -0.535127 0.803095 0.262065 0.000000 0.787484 0.586521 -0.189375 0.000000 -0.305792 0.105032 -0.946288 0.000000 -21.440662 22.425720 -29.762712 1.000000
aniFrame
  m_time 0.033000
  m_vertexTransformMat -0.545286 0.782842 0.299705 0.000000 0.830817 0.552234 0.069137 0.000000 -0.111384 0.286700 -0.951524 0.000000 -18.429279 25.971640 -29.701004 1.000000
aniFrame
  m_time 0.133000
  m_vertexTransformMat -0.770985 0.529628 0.353663 0.000000 0.627827 0.725256 0.282554 0.000000 -0.106848 0.439884 -0.891676 0.000000 -24.705561 21.650154 -28.798798 1.000000
aniFrame
  m_time 0.233000
  m_vertexTransformMat -0.822186 0.384952 0.419312 0.000000 0.520876 0.805887 0.281485 0.000000 -0.229560 0.449842 -0.863102 0.000000 -28.543036 17.035250 -26.357199 1.000000
aniFrame
  m_time 0.333000
  m_vertexTransformMat -0.747556 0.450670 0.487911 0.000000 0.563010 0.819689 0.105496 0.000000 -0.352392 0.353563 -0.866495 0.000000 -29.718155 15.088603 -23.580681 1.000000
aniFrame
  m_time 0.433000
  m_vertexTransformMat -0.645468 0.580019 0.496940 0.000000 0.595145 0.789734 -0.148737 0.000000 -0.478721 0.199746 -0.854944 0.000000 -30.051395 13.480699 -22.495920 1.000000
aniFrame
  m_time 0.533000
  m_vertexTransformMat -0.587990 0.676759 0.443018 0.000000 0.551925 0.736070 -0.391893 0.000000 -0.591309 0.014083 -0.806322 0.000000 -30.523029 11.195251 -22.670918 1.000000
aniFrame
  m_time 0.633000
  m_vertexTransformMat -0.643534 0.678309 0.354629 0.000000 0.333730 0.665611 -0.667523 0.000000 -0.688831 -0.311224 -0.654715 0.000000 -32.246574 5.572374 -22.444435 1.000000
aniFrame
  m_time 0.733000
  m_vertexTransformMat -0.698039 0.650773 0.298726 0.000000 0.198748 0.576869 -0.792289 0.000000 -0.687926 -0.493677 -0.532016 0.000000 -32.961330 2.999251 -21.671108 1.000000
aniFrame
  m_time 0.833000
  m_vertexTransformMat -0.673365 0.688837 0.268484 0.000000 0.383490 0.635915 -0.669737 0.000000 -0.632072 -0.348017 -0.692365 0.000000 -31.208572 8.406829 -24.932337 1.000000
aniFrame
  m_time 0.933000
  m_vertexTransformMat -0.594416 0.764014 0.250903 0.000000 0.655111 0.641018 -0.399906 0.000000 -0.466368 -0.073341 -0.881546 0.000000 -25.941311 17.174603 -28.608383 1.000000
aniFrame
  m_time 1.033000
  m_vertexTransformMat -0.516718 0.811490 0.272923 0.000000 0.825352 0.556879 -0.093166 0.000000 -0.227589 0.177117 -0.957514 0.000000 -19.571808 24.334288 -29.895823 1.000000
aniFrame
  m_time 1.133000
  m_vertexTransformMat -0.616180 0.720656 0.317770 0.000000 0.783265 0.602995 0.151306 0.000000 -0.082574 0.342130 -0.936017 0.000000 -19.979216 25.291946 -29.523420 1.000000
aniFrame
  m_time 1.233000
  m_vertexTransformMat -0.816211 0.440523 0.373816 0.000000 0.558253 0.768017 0.313852 0.000000 -0.148838 0.464854 -0.872788 0.000000 -26.645287 19.486326 -28.088512 1.000000
aniFrame
  m_time 1.333000
  m_vertexTransformMat -0.804373 0.393852 0.444820 0.000000 0.529468 0.814854 0.235958 0.000000 -0.269531 0.425316 -0.863979 0.000000 -29.072868 16.280441 -25.352903 1.000000
aniFrame
  m_time 1.433000
  m_vertexTransformMat -0.713100 0.491668 0.499753 0.000000 0.579426 0.814632 0.025333 0.000000 -0.394659 0.307634 -0.865798 0.000000 -29.883411 14.571925 -23.006935 1.000000
aniFrame
  m_time 1.533000
  m_vertexTransformMat -0.617987 0.620106 0.483282 0.000000 0.590479 0.771949 -0.235435 0.000000 -0.519063 0.139872 -0.843214 0.000000 -30.142412 12.830723 -22.495115 1.000000
aniFrame
  m_time 1.633000
  m_vertexTransformMat -0.593856 0.688092 0.416971 0.000000 0.502471 0.721942 -0.475734 0.000000 -0.628378 -0.073002 -0.774476 0.000000 -30.994062 9.776224 -22.762724 1.000000
aniFrame
  m_time 1.733000
  m_vertexTransformMat -0.670310 0.665195 0.328939 0.000000 0.253367 0.621778 -0.741079 0.000000 -0.697489 -0.413410 -0.585322 0.000000 -32.702843 3.792091 -21.931610 1.000000
aniFrame
  m_time 1.833000
  m_vertexTransformMat -0.696929 0.655065 0.291857 0.000000 0.234797 0.592971 -0.770231 0.000000 -0.677614 -0.468269 -0.567066 0.000000 -32.716911 4.108117 -22.363192 1.000000
aniFrame
  m_time 1.933000
  m_vertexTransformMat -0.670293 0.687599 0.279132 0.000000 0.433883 0.668273 -0.604282 0.000000 -0.602040 -0.283935 -0.746276 0.000000 -30.526831 9.891519 -25.511572 1.000000
aniFrame
  m_time 2.033000
  m_vertexTransformMat -0.606022 0.746105 0.275799 0.000000 0.676919 0.665820 -0.313791 0.000000 -0.417754 -0.003470 -0.908554 0.000000 -25.417143 18.111872 -28.664936 1.000000
aniFrame
  m_time 2.133000
  m_vertexTransformMat -0.512955 0.809881 0.284554 0.000000 0.843125 0.537620 -0.010272 0.000000 -0.161301 0.234645 -0.958605 0.000000 -18.336737 25.617544 -29.842978 1.000000
aniFrame
  m_time 2.133000
  m_vertexTransformMat -0.512955 0.809881 0.284554 0.000000 0.843125 0.537620 -0.010272 0.000000 -0.161301 0.234645 -0.958605 0.000000 -18.336737 25.617544 -29.842978 1.000000
