m_aniFrameList.size 34
aniFrame
  m_time -1.066000
  m_vertexTransformMat 0.982623 0.154332 -0.103121 0.000000 -0.141285 0.982210 0.123704 0.000000 0.120378 -0.106985 0.986946 0.000000 3.070774 -3.160367 -1.394785 1.000000
aniFrame
  m_time -0.966000
  m_vertexTransformMat 0.974879 0.114140 -0.191267 0.000000 -0.089713 0.987201 0.131858 0.000000 0.203869 -0.111387 0.972641 0.000000 3.860561 -3.262075 -2.466045 1.000000
aniFrame
  m_time -0.866000
  m_vertexTransformMat 0.971967 0.040828 -0.231544 0.000000 -0.011767 0.992020 0.125527 0.000000 0.234821 -0.119284 0.964692 0.000000 4.180129 -3.443547 -2.304590 1.000000
aniFrame
  m_time -0.766000
  m_vertexTransformMat 0.976590 -0.086333 -0.197025 0.000000 0.108574 0.988527 0.105009 0.000000 0.185699 -0.123942 0.974759 0.000000 3.079246 -3.542581 -1.181893 1.000000
aniFrame
  m_time -0.666000
  m_vertexTransformMat 0.985548 -0.143462 -0.090073 0.000000 0.152781 0.982464 0.106873 0.000000 0.073161 -0.119090 0.990184 0.000000 0.719302 -3.422321 -0.726729 1.000000
aniFrame
  m_time -0.566000
  m_vertexTransformMat 0.986300 -0.153590 0.060188 0.000000 0.145592 0.982023 0.120145 0.000000 -0.077559 -0.109736 0.990930 0.000000 -2.288831 -3.200873 -1.158429 1.000000
aniFrame
  m_time -0.466000
  m_vertexTransformMat 0.970996 -0.157024 0.180309 0.000000 0.134762 0.982344 0.129765 0.000000 -0.197501 -0.101702 0.975013 0.000000 -4.127807 -3.011245 -2.194437 1.000000
aniFrame
  m_time -0.366000
  m_vertexTransformMat 0.958525 -0.129543 0.253868 0.000000 0.098217 0.986311 0.132457 0.000000 -0.267552 -0.102029 0.958126 0.000000 -5.023158 -3.021988 -2.781280 1.000000
aniFrame
  m_time -0.266000
  m_vertexTransformMat 0.971924 -0.010040 0.235082 0.000000 -0.019299 0.992321 0.122171 0.000000 -0.234503 -0.123278 0.964267 0.000000 -4.147717 -3.533762 -1.906145 1.000000
aniFrame
  m_time -0.166000
  m_vertexTransformMat 0.985173 0.092590 0.144437 0.000000 -0.109925 0.987023 0.117055 0.000000 -0.131724 -0.131197 0.982566 0.000000 -1.880581 -3.727431 -0.884817 1.000000
aniFrame
  m_time -0.066000
  m_vertexTransformMat 0.989558 0.143778 -0.010096 0.000000 -0.141561 0.982692 0.119488 0.000000 0.027101 -0.116811 0.992784 0.000000 1.374923 -3.391319 -0.896026 1.000000
aniFrame
  m_time 0.033000
  m_vertexTransformMat 0.978819 0.150388 -0.138913 0.000000 -0.133058 0.982987 0.126619 0.000000 0.155592 -0.105454 0.982176 0.000000 3.557077 -3.124115 -1.729181 1.000000
aniFrame
  m_time 0.133000
  m_vertexTransformMat 0.971129 0.099882 -0.216637 0.000000 -0.072132 0.988564 0.132435 0.000000 0.227387 -0.112985 0.967228 0.000000 4.179653 -3.298931 -2.642725 1.000000
aniFrame
  m_time 0.233000
  m_vertexTransformMat 0.973746 -0.001638 -0.227629 0.000000 0.029313 0.992551 0.118250 0.000000 0.225740 -0.121818 0.966541 0.000000 3.950820 -3.500061 -1.946482 1.000000
aniFrame
  m_time 0.333000
  m_vertexTransformMat 0.978613 -0.115091 -0.170502 0.000000 0.133808 0.985676 0.102658 0.000000 0.156245 -0.123277 0.979995 0.000000 2.456367 -3.523996 -0.917782 1.000000
aniFrame
  m_time 0.433000
  m_vertexTransformMat 0.987915 -0.149695 -0.040195 0.000000 0.153308 0.981904 0.111185 0.000000 0.022824 -0.116004 0.992987 0.000000 -0.312066 -3.348934 -0.783176 1.000000
aniFrame
  m_time 0.533000
  m_vertexTransformMat 0.982623 -0.154332 0.103123 0.000000 0.141285 0.982210 0.123705 0.000000 -0.120380 -0.106985 0.986946 0.000000 -3.068086 -3.135996 -1.411074 1.000000
aniFrame
  m_time 0.633000
  m_vertexTransformMat 0.964571 -0.154684 0.213718 0.000000 0.128366 0.982897 0.132045 0.000000 -0.230488 -0.099933 0.967930 0.000000 -4.505391 -2.969829 -2.595218 1.000000
aniFrame
  m_time 0.733000
  m_vertexTransformMat 0.961354 -0.099184 0.256829 0.000000 0.067366 0.989240 0.129870 0.000000 -0.266947 -0.107550 0.957691 0.000000 -4.942161 -3.155201 -2.590607 1.000000
aniFrame
  m_time 0.833000
  m_vertexTransformMat 0.976630 0.034070 0.212212 0.000000 -0.060471 0.991028 0.119190 0.000000 -0.206247 -0.129237 0.969928 0.000000 -3.510955 -3.677474 -1.514071 1.000000
aniFrame
  m_time 0.933000
  m_vertexTransformMat 0.988780 0.113856 0.096703 0.000000 -0.124905 0.985227 0.117158 0.000000 -0.081935 -0.127922 0.988394 0.000000 -0.818272 -3.651489 -0.741930 1.000000
aniFrame
  m_time 1.033000
  m_vertexTransformMat 0.986591 0.151588 -0.060485 0.000000 -0.143465 0.982176 0.121439 0.000000 0.077816 -0.111133 0.990754 0.000000 2.328720 -3.257937 -1.130605 1.000000
aniFrame
  m_time 1.133000
  m_vertexTransformMat 0.975458 0.139124 -0.170661 0.000000 -0.117721 0.984536 0.129732 0.000000 0.186071 -0.106458 0.976752 0.000000 3.851810 -3.147243 -2.136685 1.000000
aniFrame
  m_time 1.233000
  m_vertexTransformMat 0.970786 0.074376 -0.228129 0.000000 -0.045202 0.990412 0.130543 0.000000 0.235651 -0.116418 0.964840 0.000000 4.259822 -3.378261 -2.557777 1.000000
aniFrame
  m_time 1.333000
  m_vertexTransformMat 0.975267 -0.046282 -0.216130 0.000000 0.071585 0.991266 0.110753 0.000000 0.209117 -0.123485 0.970063 0.000000 3.580662 -3.535573 -1.549041 1.000000
aniFrame
  m_time 1.433000
  m_vertexTransformMat 0.981997 -0.132402 -0.134726 0.000000 0.146864 0.983703 0.103731 0.000000 0.118796 -0.121650 0.985438 0.000000 1.668851 -3.483834 -0.773781 1.000000
aniFrame
  m_time 1.533000
  m_vertexTransformMat 0.988230 -0.152565 0.011159 0.000000 0.150270 0.981836 0.115829 0.000000 -0.028627 -0.112789 0.993207 0.000000 -1.342639 -3.272892 -0.935350 1.000000
aniFrame
  m_time 1.633000
  m_vertexTransformMat 0.977447 -0.156021 0.142320 0.000000 0.138318 0.982234 0.126827 0.000000 -0.159580 -0.104281 0.981662 0.000000 -3.661423 -3.072108 -1.753511 1.000000
aniFrame
  m_time 1.733000
  m_vertexTransformMat 0.959846 -0.146394 0.239300 0.000000 0.116920 0.984180 0.133110 0.000000 -0.255001 -0.099786 0.961778 0.000000 -4.835136 -2.967316 -2.806989 1.000000
aniFrame
  m_time 1.833000
  m_vertexTransformMat 0.966498 -0.056929 0.250280 0.000000 0.025769 0.991688 0.126060 0.000000 -0.255376 -0.115387 0.959932 0.000000 -4.638585 -3.343871 -2.282679 1.000000
aniFrame
  m_time 1.933000
  m_vertexTransformMat 0.980806 0.067899 0.182784 0.000000 -0.090384 0.988935 0.117634 0.000000 -0.172774 -0.131897 0.976090 0.000000 -2.775634 -3.742397 -1.160695 1.000000
aniFrame
  m_time 2.033000
  m_vertexTransformMat 0.991356 0.120697 0.051428 0.000000 -0.126074 0.984872 0.118880 0.000000 -0.036302 -0.124336 0.991576 0.000000 0.056427 -3.567400 -0.779674 1.000000
aniFrame
  m_time 2.133000
  m_vertexTransformMat 0.982623 0.154332 -0.103121 0.000000 -0.141285 0.982210 0.123704 0.000000 0.120378 -0.106985 0.986946 0.000000 3.070774 -3.160367 -1.394785 1.000000
aniFrame
  m_time 2.133000
  m_vertexTransformMat 0.982623 0.154332 -0.103121 0.000000 -0.141285 0.982210 0.123704 0.000000 0.120378 -0.106985 0.986946 0.000000 3.070774 -3.160367 -1.394785 1.000000
