 34
 -1.066000
 0.169309 -0.353366 -0.920037 0.000000 -0.614510 0.691984 -0.378861 0.000000 0.770527 0.629516 -0.099988 0.000000 14.187364 9.401760 -4.274680 1.000000
 -0.966000
 0.209850 -0.635925 -0.742673 0.000000 -0.385950 0.644025 -0.660511 0.000000 0.898335 0.425243 -0.110286 0.000000 13.705550 11.914041 -7.846516 1.000000
 -0.866000
 0.192436 -0.765249 -0.614299 0.000000 -0.273746 0.559286 -0.782473 0.000000 0.942355 0.318737 -0.101857 0.000000 14.103282 13.609300 -9.756956 1.000000
 -0.766000
 0.157893 -0.663748 -0.731101 0.000000 -0.453740 0.608826 -0.650731 0.000000 0.877035 0.434476 -0.205040 0.000000 13.755187 15.354544 -8.815416 1.000000
 -0.666000
 0.060497 -0.474949 -0.877931 0.000000 -0.711762 0.596116 -0.371537 0.000000 0.699810 0.647355 -0.301988 0.000000 12.705868 17.196178 -7.871977 1.000000
 -0.566000
 -0.098036 -0.291888 -0.951415 0.000000 -0.865267 0.497286 -0.063405 0.000000 0.491632 0.817012 -0.301313 0.000000 12.261052 18.046291 -7.159525 1.000000
 -0.466000
 -0.273540 -0.103750 -0.956249 0.000000 -0.822380 0.540848 0.176566 0.000000 0.498866 0.834698 -0.233265 0.000000 15.934379 15.232984 -7.267655 1.000000
 -0.366000
 -0.325956 0.153408 -0.932855 0.000000 -0.613411 0.716514 0.332167 0.000000 0.719361 0.680495 -0.139450 0.000000 20.519924 7.271698 -7.491838 1.000000
 -0.266000
 -0.218259 0.146183 -0.964881 0.000000 -0.589802 0.767953 0.249763 0.000000 0.777494 0.623601 -0.081394 0.000000 20.062275 5.194785 -5.370988 1.000000
 -0.166000
 -0.063935 -0.005840 -0.997937 0.000000 -0.640076 0.767443 0.036517 0.000000 0.765646 0.641091 -0.052805 0.000000 18.096123 6.117501 -3.086213 1.000000
 -0.066000
 0.092157 -0.216832 -0.971850 0.000000 -0.651296 0.725148 -0.223549 0.000000 0.753207 0.653564 -0.074394 0.000000 15.543846 8.125968 -3.164953 1.000000
 0.033000
 0.197472 -0.432555 -0.879717 0.000000 -0.567347 0.681401 -0.462397 0.000000 0.799452 0.590415 -0.110851 0.000000 13.739417 10.075465 -5.135449 1.000000
 0.133000
 0.215229 -0.705643 -0.675088 0.000000 -0.326973 0.599319 -0.730689 0.000000 0.920198 0.378001 -0.101735 0.000000 13.655724 12.410592 -8.845985 1.000000
 0.233000
 0.184354 -0.745737 -0.640227 0.000000 -0.312978 0.572941 -0.757485 0.000000 0.931696 0.340023 -0.127776 0.000000 14.087899 14.129647 -9.525758 1.000000
 0.333000
 0.134382 -0.606170 -0.783900 0.000000 -0.541291 0.617721 -0.570460 0.000000 0.830028 0.500977 -0.245104 0.000000 13.448551 16.006424 -8.467037 1.000000
 0.433000
 0.011556 -0.409077 -0.912427 0.000000 -0.780665 0.566509 -0.263876 0.000000 0.624843 0.715349 -0.312805 0.000000 12.389025 17.645998 -7.597447 1.000000
 0.533000
 -0.151583 -0.242993 -0.958111 0.000000 -0.879566 0.475413 0.018583 0.000000 0.450983 0.845539 -0.285793 0.000000 12.624313 17.914207 -7.042246 1.000000
 0.633000
 -0.319551 -0.009150 -0.947525 0.000000 -0.754480 0.607426 0.248582 0.000000 0.573277 0.794323 -0.201008 0.000000 18.108215 12.650993 -7.545998 1.000000
 0.733000
 -0.297809 0.180527 -0.937401 0.000000 -0.581976 0.744043 0.328182 0.000000 0.756712 0.643280 -0.116521 0.000000 20.671051 5.844226 -7.004169 1.000000
 0.833000
 -0.170002 0.106595 -0.979662 0.000000 -0.605717 0.772857 0.189204 0.000000 0.777307 0.625563 -0.066821 0.000000 19.521963 5.294048 -4.465292 1.000000
 0.933000
 -0.009455 -0.073376 -0.997260 0.000000 -0.651471 0.757055 -0.049526 0.000000 0.758615 0.649218 -0.054960 0.000000 17.263466 6.737754 -2.812006 1.000000
 1.033000
 0.134831 -0.287201 -0.948333 0.000000 -0.637648 0.707420 -0.304900 0.000000 0.758437 0.645812 -0.087751 0.000000 14.790094 8.797186 -3.671779 1.000000
 1.133000
 0.216668 -0.530307 -0.819652 0.000000 -0.491734 0.666026 -0.560898 0.000000 0.843358 0.524580 -0.116463 0.000000 13.479298 10.880656 -6.356038 1.000000
 1.233000
 0.202802 -0.754483 -0.624201 0.000000 -0.277120 0.567168 -0.775581 0.000000 0.939189 0.330268 -0.094059 0.000000 13.943057 13.033495 -9.574858 1.000000
 1.333000
 0.173763 -0.711184 -0.681194 0.000000 -0.375162 0.591751 -0.713502 0.000000 0.910527 0.379538 -0.163985 0.000000 13.969677 14.718219 -9.189810 1.000000
 1.433000
 0.101906 -0.541926 -0.834226 0.000000 -0.629856 0.613944 -0.475768 0.000000 0.769999 0.573925 -0.278770 0.000000 13.080565 16.634867 -8.162457 1.000000
 1.533000
 -0.042388 -0.347421 -0.936751 0.000000 -0.832398 0.530819 -0.159204 0.000000 0.552556 0.773001 -0.311693 0.000000 12.211000 17.942488 -7.352441 1.000000
 1.633000
 -0.210968 -0.184527 -0.959918 0.000000 -0.866861 0.489124 0.096491 0.000000 0.451713 0.852472 -0.263149 0.000000 13.845995 17.074404 -7.061179 1.000000
 1.733000
 -0.336841 0.083453 -0.937856 0.000000 -0.678001 0.669661 0.303099 0.000000 0.653340 0.737963 -0.168988 0.000000 19.712656 9.781305 -7.671037 1.000000
 1.833000
 -0.261952 0.170761 -0.949854 0.000000 -0.578748 0.759812 0.296204 0.000000 0.772290 0.627317 -0.100207 0.000000 20.455793 5.367393 -6.277304 1.000000
 1.933000
 -0.124504 0.046881 -0.991111 0.000000 -0.606673 0.786817 0.113428 0.000000 0.785141 0.615403 -0.069521 0.000000 18.977648 5.762667 -3.862327 1.000000
 2.033000
 0.032293 -0.157152 -0.987046 0.000000 -0.631915 0.761921 -0.141983 0.000000 0.774365 0.628314 -0.074702 0.000000 16.643347 7.703723 -3.113970 1.000000
 2.133000
 0.169309 -0.353366 -0.920036 0.000000 -0.614510 0.691984 -0.378861 0.000000 0.770527 0.629516 -0.099988 0.000000 14.187362 9.401758 -4.274682 1.000000
 2.133000
 0.169309 -0.353366 -0.920036 0.000000 -0.614510 0.691984 -0.378861 0.000000 0.770527 0.629516 -0.099988 0.000000 14.187362 9.401758 -4.274682 1.000000
