m_aniFrameList.size 34
aniFrame
  m_time -1.066000
  m_vertexTransformMat 0.204974 -0.537850 0.817743 0.000000 0.716412 0.651705 0.249068 0.000000 -0.666888 0.534788 0.518905 0.000000 -6.839193 -2.270535 -2.094560 1.000000
aniFrame
  m_time -0.966000
  m_vertexTransformMat 0.261532 -0.633760 0.727976 0.000000 0.492531 0.736267 0.464031 0.000000 -0.830069 0.237192 0.504704 0.000000 -8.281618 -7.496173 -5.405571 1.000000
aniFrame
  m_time -0.866000
  m_vertexTransformMat 0.370732 -0.659391 0.654036 0.000000 0.345211 0.751599 0.562075 0.000000 -0.862200 0.017401 0.506270 0.000000 -6.998321 -10.880371 -6.914909 1.000000
aniFrame
  m_time -0.766000
  m_vertexTransformMat 0.464845 -0.601325 0.649867 0.000000 0.401266 0.797361 0.450778 0.000000 -0.789243 0.051228 0.611941 0.000000 -5.596117 -11.270086 -4.730744 1.000000
aniFrame
  m_time -0.666000
  m_vertexTransformMat 0.547309 -0.506953 0.665922 0.000000 0.493717 0.838046 0.232211 0.000000 -0.675793 0.201686 0.708962 0.000000 -4.025770 -10.439297 -2.487187 1.000000
aniFrame
  m_time -0.566000
  m_vertexTransformMat 0.637708 -0.368364 0.676488 0.000000 0.522299 0.852294 -0.028264 0.000000 -0.566155 0.371353 0.735911 0.000000 -1.700348 -8.295938 -1.425661 1.000000
aniFrame
  m_time -0.466000
  m_vertexTransformMat 0.763690 -0.120054 0.634322 0.000000 0.394760 0.864300 -0.311690 0.000000 -0.510825 0.488440 0.707450 0.000000 1.919664 -3.688103 -2.179829 1.000000
aniFrame
  m_time -0.366000
  m_vertexTransformMat 0.842828 0.177017 0.508237 0.000000 0.173015 0.805108 -0.567333 0.000000 -0.509614 0.566097 0.647941 0.000000 4.433325 2.833187 -4.747519 1.000000
aniFrame
  m_time -0.266000
  m_vertexTransformMat 0.796488 0.110140 0.594539 0.000000 0.261744 0.823566 -0.503219 0.000000 -0.545066 0.556425 0.627132 0.000000 3.436667 3.411625 -3.392020 1.000000
aniFrame
  m_time -0.166000
  m_vertexTransformMat 0.626735 -0.148229 0.765004 0.000000 0.503631 0.826190 -0.252519 0.000000 -0.594608 0.543542 0.592455 0.000000 0.370610 1.278585 -1.013910 1.000000
aniFrame
  m_time -0.066000
  m_vertexTransformMat 0.355023 -0.419614 0.835394 0.000000 0.687425 0.722786 0.070912 0.000000 -0.633566 0.549095 0.545059 0.000000 -4.118981 -1.059531 -0.982220 1.000000
aniFrame
  m_time 0.033000
  m_vertexTransformMat 0.169389 -0.580439 0.796491 0.000000 0.687169 0.648881 0.326729 0.000000 -0.706474 0.491980 0.508773 0.000000 -7.944396 -3.263181 -2.955810 1.000000
aniFrame
  m_time 0.133000
  m_vertexTransformMat 0.259957 -0.668498 0.696802 0.000000 0.440863 0.724178 0.530289 0.000000 -0.859105 0.169342 0.482972 0.000000 -8.599195 -8.698938 -6.450841 1.000000
aniFrame
  m_time 0.233000
  m_vertexTransformMat 0.404808 -0.643381 0.649763 0.000000 0.351940 0.765472 0.538693 0.000000 -0.843960 0.010611 0.536301 0.000000 -6.490589 -11.134063 -6.354872 1.000000
aniFrame
  m_time 0.333000
  m_vertexTransformMat 0.492412 -0.574540 0.653784 0.000000 0.434037 0.813193 0.387723 0.000000 -0.754415 0.092846 0.649798 0.000000 -5.138597 -11.141177 -3.889123 1.000000
aniFrame
  m_time 0.433000
  m_vertexTransformMat 0.576104 -0.465576 0.671821 0.000000 0.513668 0.845563 0.145496 0.000000 -0.635807 0.261272 0.726283 0.000000 -3.331773 -9.861534 -1.974793 1.000000
aniFrame
  m_time 0.533000
  m_vertexTransformMat 0.669978 -0.313572 0.672905 0.000000 0.508492 0.854241 -0.108206 0.000000 -0.540892 0.414663 0.731772 0.000000 -0.805018 -7.341111 -1.383443 1.000000
aniFrame
  m_time 0.633000
  m_vertexTransformMat 0.806285 0.001556 0.591525 0.000000 0.307606 0.853049 -0.421529 0.000000 -0.505256 0.521829 0.687322 0.000000 3.246538 -1.217281 -3.103978 1.000000
aniFrame
  m_time 0.733000
  m_vertexTransformMat 0.839059 0.193190 0.508585 0.000000 0.166342 0.798961 -0.577921 0.000000 -0.517988 0.569508 0.638240 0.000000 4.376021 3.657584 -4.777232 1.000000
aniFrame
  m_time 0.833000
  m_vertexTransformMat 0.755734 0.036718 0.653848 0.000000 0.336641 0.834628 -0.435969 0.000000 -0.561728 0.549589 0.618396 0.000000 2.634357 2.853936 -2.488298 1.000000
aniFrame
  m_time 0.933000
  m_vertexTransformMat 0.541247 -0.246139 0.804032 0.000000 0.580061 0.801547 -0.145099 0.000000 -0.608755 0.544922 0.576610 0.000000 -1.039951 0.432345 -0.688258 1.000000
aniFrame
  m_time 1.033000
  m_vertexTransformMat 0.270870 -0.486490 0.830636 0.000000 0.711975 0.681994 0.167258 0.000000 -0.647859 0.546088 0.531101 0.000000 -5.577591 -1.681101 -1.483250 1.000000
aniFrame
  m_time 1.133000
  m_vertexTransformMat 0.169987 -0.619895 0.766051 0.000000 0.619715 0.671656 0.405994 0.000000 -0.766197 0.405720 0.498331 0.000000 -8.777497 -4.886040 -4.151700 1.000000
aniFrame
  m_time 1.233000
  m_vertexTransformMat 0.322171 -0.669934 0.668875 0.000000 0.372642 0.739250 0.560934 0.000000 -0.870255 0.068534 0.487811 0.000000 -7.749706 -10.140990 -6.991289 1.000000
aniFrame
  m_time 1.333000
  m_vertexTransformMat 0.435947 -0.624110 0.648411 0.000000 0.372287 0.781004 0.501433 0.000000 -0.819361 0.022797 0.572825 0.000000 -6.036244 -11.263827 -5.590791 1.000000
aniFrame
  m_time 1.433000
  m_vertexTransformMat 0.519615 -0.543221 0.659479 0.000000 0.466140 0.827107 0.314019 0.000000 -0.716041 0.144240 0.682994 0.000000 -4.625643 -10.866268 -3.135895 1.000000
aniFrame
  m_time 1.533000
  m_vertexTransformMat 0.606270 -0.419235 0.675780 0.000000 0.523705 0.849961 0.057454 0.000000 -0.598473 0.319076 0.734861 0.000000 -2.550610 -9.142007 -1.619166 1.000000
aniFrame
  m_time 1.633000
  m_vertexTransformMat 0.712916 -0.233166 0.661351 0.000000 0.467529 0.860952 -0.200445 0.000000 -0.522654 0.452101 0.722798 0.000000 0.418211 -5.866745 -1.585366 1.000000
aniFrame
  m_time 1.733000
  m_vertexTransformMat 0.832723 0.107440 0.543166 0.000000 0.226667 0.828876 -0.511456 0.000000 -0.505168 0.549019 0.665871 0.000000 4.093287 1.093501 -4.080107 1.000000
aniFrame
  m_time 1.833000
  m_vertexTransformMat 0.824494 0.165895 0.541007 0.000000 0.198835 0.810163 -0.551454 0.000000 -0.529787 0.562241 0.634989 0.000000 4.035368 3.698936 -4.224405 1.000000
aniFrame
  m_time 1.933000
  m_vertexTransformMat 0.720177 -0.027376 0.693250 0.000000 0.379270 0.852235 -0.360347 0.000000 -0.580947 0.522443 0.624143 0.000000 1.920363 1.940687 -1.765472 1.000000
aniFrame
  m_time 2.033000
  m_vertexTransformMat 0.496251 -0.309615 0.811094 0.000000 0.588344 0.806941 -0.051936 0.000000 -0.638425 0.502976 0.582605 0.000000 -2.100026 -0.845514 -0.793035 1.000000
aniFrame
  m_time 2.133000
  m_vertexTransformMat 0.204974 -0.537850 0.817743 0.000000 0.716412 0.651705 0.249068 0.000000 -0.666888 0.534788 0.518905 0.000000 -6.839197 -2.270534 -2.094556 1.000000
aniFrame
  m_time 2.133000
  m_vertexTransformMat 0.204974 -0.537850 0.817743 0.000000 0.716412 0.651705 0.249068 0.000000 -0.666888 0.534788 0.518905 0.000000 -6.839197 -2.270534 -2.094556 1.000000
