m_aniFrameList.size 34
aniFrame
  m_time -1.066000
  m_vertexTransformMat -0.154779 0.202142 0.967048 0.000000 0.880658 0.471858 0.042319 0.000000 -0.447755 0.858189 -0.251051 0.000000 -12.461391 17.003992 -6.736945 1.000000
aniFrame
  m_time -0.966000
  m_vertexTransformMat -0.292957 -0.050327 0.954800 0.000000 0.717091 0.648960 0.254228 0.000000 -0.632421 0.759156 -0.154029 0.000000 -18.322420 10.404635 -7.252717 1.000000
aniFrame
  m_time -0.866000
  m_vertexTransformMat -0.283409 -0.219722 0.933489 0.000000 0.583123 0.733295 0.349638 0.000000 -0.761346 0.643429 -0.079697 0.000000 -20.172644 4.965930 -6.888086 1.000000
aniFrame
  m_time -0.766000
  m_vertexTransformMat -0.155504 -0.145860 0.977007 0.000000 0.609843 0.763888 0.211107 0.000000 -0.777116 0.628649 -0.029836 0.000000 -18.948481 4.418520 -4.230268 1.000000
aniFrame
  m_time -0.666000
  m_vertexTransformMat 0.003226 0.033459 0.999435 0.000000 0.658878 0.751755 -0.027294 0.000000 -0.752243 0.658593 -0.019620 0.000000 -16.637583 5.856670 -2.714885 1.000000
aniFrame
  m_time -0.566000
  m_vertexTransformMat 0.147683 0.248313 0.957356 0.000000 0.648189 0.706811 -0.283319 0.000000 -0.747021 0.662389 -0.056570 0.000000 -14.208733 7.958897 -3.422867 1.000000
aniFrame
  m_time -0.466000
  m_vertexTransformMat 0.235695 0.496441 0.835460 0.000000 0.504968 0.671954 -0.541743 0.000000 -0.830334 0.549567 -0.092311 0.000000 -12.814581 10.216161 -5.953660 1.000000
aniFrame
  m_time -0.366000
  m_vertexTransformMat 0.229993 0.729530 0.644119 0.000000 0.291100 0.579989 -0.760838 0.000000 -0.928635 0.362491 -0.078973 0.000000 -13.134716 12.655580 -9.169407 1.000000
aniFrame
  m_time -0.266000
  m_vertexTransformMat 0.197795 0.683969 0.702185 0.000000 0.388189 0.603119 -0.696820 0.000000 -0.900104 0.410408 -0.146216 0.000000 -13.180042 14.281766 -8.905056 1.000000
aniFrame
  m_time -0.166000
  m_vertexTransformMat 0.115370 0.507439 0.853929 0.000000 0.639803 0.619632 -0.454651 0.000000 -0.759830 0.598800 -0.253174 0.000000 -12.438869 15.975069 -7.692170 1.000000
aniFrame
  m_time -0.066000
  m_vertexTransformMat -0.041018 0.307842 0.950553 0.000000 0.836918 0.530261 -0.135614 0.000000 -0.545789 0.789973 -0.279389 0.000000 -11.864968 17.095190 -6.904591 1.000000
aniFrame
  m_time 0.033000
  m_vertexTransformMat -0.213805 0.143177 0.966327 0.000000 0.866674 0.484224 0.120010 0.000000 -0.450736 0.863150 -0.227617 0.000000 -13.698426 16.144152 -6.817796 1.000000
aniFrame
  m_time 0.133000
  m_vertexTransformMat -0.328210 -0.124468 0.936369 0.000000 0.677209 0.660068 0.325112 0.000000 -0.658533 0.740822 -0.132350 0.000000 -19.335258 8.854385 -7.584882 1.000000
aniFrame
  m_time 0.233000
  m_vertexTransformMat -0.246479 -0.210522 0.946007 0.000000 0.582482 0.747967 0.318215 0.000000 -0.774573 0.629465 -0.061732 0.000000 -19.924702 4.490291 -6.085291 1.000000
aniFrame
  m_time 0.333000
  m_vertexTransformMat -0.104163 -0.094618 0.990050 0.000000 0.628974 0.764850 0.139270 0.000000 -0.770417 0.637222 -0.020157 0.000000 -18.265734 4.738791 -3.472835 1.000000
aniFrame
  m_time 0.433000
  m_vertexTransformMat 0.055690 0.104828 0.992930 0.000000 0.664180 0.738638 -0.115233 0.000000 -0.745496 0.665902 -0.028490 0.000000 -15.771659 6.550244 -2.730796 1.000000
aniFrame
  m_time 0.533000
  m_vertexTransformMat 0.183073 0.315342 0.931152 0.000000 0.625931 0.692984 -0.357748 0.000000 -0.758086 0.648331 -0.070516 0.000000 -13.615233 8.593409 -3.963739 1.000000
aniFrame
  m_time 0.633000
  m_vertexTransformMat 0.244559 0.596396 0.764528 0.000000 0.418872 0.646124 -0.638021 0.000000 -0.874493 0.476272 -0.091798 0.000000 -12.718157 11.130404 -7.267108 1.000000
aniFrame
  m_time 0.733000
  m_vertexTransformMat 0.219823 0.740871 0.634656 0.000000 0.287534 0.572462 -0.767861 0.000000 -0.932203 0.351279 -0.087186 0.000000 -13.281061 13.226658 -9.395556 1.000000
aniFrame
  m_time 0.833000
  m_vertexTransformMat 0.179010 0.634240 0.752127 0.000000 0.466056 0.618595 -0.632561 0.000000 -0.866457 0.463768 -0.184856 0.000000 -12.999729 14.850550 -8.515323 1.000000
aniFrame
  m_time 0.933000
  m_vertexTransformMat 0.069688 0.438298 0.896125 0.000000 0.720066 0.599601 -0.349263 0.000000 -0.690398 0.669608 -0.273818 0.000000 -12.141072 16.462635 -7.356348 1.000000
aniFrame
  m_time 1.033000
  m_vertexTransformMat -0.099514 0.251529 0.962720 0.000000 0.867944 0.495079 -0.039632 0.000000 -0.486591 0.831643 -0.267580 0.000000 -12.020092 17.161898 -6.784573 1.000000
aniFrame
  m_time 1.133000
  m_vertexTransformMat -0.273659 0.061963 0.959829 0.000000 0.821333 0.534362 0.199675 0.000000 -0.500523 0.842981 -0.197125 0.000000 -15.733979 14.288818 -7.084369 1.000000
aniFrame
  m_time 1.233000
  m_vertexTransformMat -0.313555 -0.193347 0.929678 0.000000 0.613553 0.705980 0.353759 0.000000 -0.724732 0.681329 -0.102735 0.000000 -20.071768 6.371294 -7.415177 1.000000
aniFrame
  m_time 1.333000
  m_vertexTransformMat -0.203360 -0.185234 0.961423 0.000000 0.592887 0.758146 0.271476 0.000000 -0.779185 0.625222 -0.044354 0.000000 -19.510635 4.321903 -5.149959 1.000000
aniFrame
  m_time 1.433000
  m_vertexTransformMat -0.050704 -0.033957 0.998137 0.000000 0.646376 0.760757 0.058716 0.000000 -0.761333 0.648148 -0.016624 0.000000 -17.485577 5.235323 -2.963882 1.000000
aniFrame
  m_time 1.533000
  m_vertexTransformMat 0.104559 0.177338 0.978580 0.000000 0.660854 0.722926 -0.201620 0.000000 -0.743196 0.667779 -0.041606 0.000000 -14.943584 7.265796 -2.985389 1.000000
aniFrame
  m_time 1.633000
  m_vertexTransformMat 0.213283 0.396089 0.893098 0.000000 0.579690 0.684525 -0.442024 0.000000 -0.786429 0.611996 -0.083611 0.000000 -13.139358 9.321913 -4.773695 1.000000
aniFrame
  m_time 1.733000
  m_vertexTransformMat 0.240632 0.678322 0.694245 0.000000 0.341014 0.610580 -0.714774 0.000000 -0.908739 0.408745 -0.084392 0.000000 -12.872401 11.957897 -8.415877 1.000000
aniFrame
  m_time 1.833000
  m_vertexTransformMat 0.210440 0.720870 0.660350 0.000000 0.322626 0.586422 -0.742981 0.000000 -0.922836 0.369399 -0.109164 0.000000 -13.296376 13.684032 -9.181900 1.000000
aniFrame
  m_time 1.933000
  m_vertexTransformMat 0.153336 0.577806 0.801642 0.000000 0.513899 0.646278 -0.564120 0.000000 -0.844035 0.498463 -0.197836 0.000000 -13.078535 14.732615 -7.771148 1.000000
aniFrame
  m_time 2.033000
  m_vertexTransformMat 0.021434 0.368515 0.929375 0.000000 0.738953 0.620304 -0.263005 0.000000 -0.673416 0.692402 -0.259020 0.000000 -12.796515 15.708141 -6.812169 1.000000
aniFrame
  m_time 2.133000
  m_vertexTransformMat -0.154779 0.202142 0.967049 0.000000 0.880658 0.471858 0.042319 0.000000 -0.447755 0.858189 -0.251051 0.000000 -12.461390 17.003996 -6.736941 1.000000
aniFrame
  m_time 2.133000
  m_vertexTransformMat -0.154779 0.202142 0.967049 0.000000 0.880658 0.471858 0.042319 0.000000 -0.447755 0.858189 -0.251051 0.000000 -12.461390 17.003996 -6.736941 1.000000
