 34
 -1.066000
 0.239920 -0.274116 -0.931289 0.000000 -0.622564 0.692628 -0.364254 0.000000 0.744885 0.667179 -0.004479 0.000000 12.321287 7.834373 -3.260970 1.000000
 -0.966000
 0.297295 -0.577353 -0.760447 0.000000 -0.395573 0.650406 -0.648456 0.000000 0.868987 0.493595 -0.035023 0.000000 11.414896 11.074371 -6.839345 1.000000
 -0.866000
 0.286383 -0.718501 -0.633832 0.000000 -0.283442 0.568396 -0.772391 0.000000 0.915230 0.400854 -0.040874 0.000000 11.677406 13.155779 -8.820993 1.000000
 -0.766000
 0.242323 -0.604598 -0.758776 0.000000 -0.462418 0.615563 -0.638162 0.000000 0.852906 0.505513 -0.130412 0.000000 11.576255 14.522215 -7.580083 1.000000
 -0.666000
 0.122744 -0.394632 -0.910604 0.000000 -0.717653 0.598471 -0.356097 0.000000 0.685498 0.697207 -0.209750 0.000000 11.125322 15.699064 -6.379641 1.000000
 -0.566000
 -0.059244 -0.196281 -0.978756 0.000000 -0.867242 0.495671 -0.046909 0.000000 0.494349 0.846040 -0.199589 0.000000 11.365904 16.025280 -5.717047 1.000000
 -0.466000
 -0.232312 -0.006665 -0.972619 0.000000 -0.821776 0.536271 0.192608 0.000000 0.520303 0.844020 -0.130059 0.000000 15.129078 13.022565 -6.070953 1.000000
 -0.366000
 -0.257901 0.235531 -0.937023 0.000000 -0.613650 0.709168 0.347154 0.000000 0.746272 0.664535 -0.038361 0.000000 19.126810 5.215569 -6.598454 1.000000
 -0.266000
 -0.144318 0.223157 -0.964040 0.000000 -0.592085 0.761121 0.264821 0.000000 0.792848 0.609012 0.022285 0.000000 18.439901 3.270826 -4.575473 1.000000
 -0.166000
 0.007088 0.073836 -0.997245 0.000000 -0.644586 0.762769 0.051894 0.000000 0.764499 0.642442 0.053000 0.000000 16.412649 4.255147 -2.271295 1.000000
 -0.066000
 0.160803 -0.135303 -0.977669 0.000000 -0.658060 0.723560 -0.208371 0.000000 0.735595 0.676871 0.027313 0.000000 13.786963 6.392309 -2.229896 1.000000
 0.033000
 0.271713 -0.357142 -0.893657 0.000000 -0.576040 0.683520 -0.448306 0.000000 0.770941 0.636592 -0.020007 0.000000 11.765531 8.665267 -4.095419 1.000000
 0.133000
 0.305875 -0.652357 -0.693448 0.000000 -0.336844 0.607097 -0.719702 0.000000 0.890493 0.453722 -0.034047 0.000000 11.287119 11.753082 -7.884769 1.000000
 0.233000
 0.276607 -0.696641 -0.661952 0.000000 -0.322471 0.581601 -0.746829 0.000000 0.905263 0.420038 -0.063771 0.000000 11.707191 13.604412 -8.514359 1.000000
 0.333000
 0.212614 -0.540197 -0.814237 0.000000 -0.549262 0.623109 -0.556819 0.000000 0.808150 0.565617 -0.164228 0.000000 11.432873 14.963252 -7.119670 1.000000
 0.433000
 0.065097 -0.322433 -0.944352 0.000000 -0.785267 0.567384 -0.247854 0.000000 0.615726 0.757702 -0.216261 0.000000 11.054023 15.940905 -6.088486 1.000000
 0.533000
 -0.116996 -0.145001 -0.982490 0.000000 -0.880440 0.472860 0.035056 0.000000 0.459497 0.869125 -0.182987 0.000000 11.873646 15.794211 -5.660712 1.000000
 0.633000
 -0.269150 0.084185 -0.959412 0.000000 -0.753735 0.601712 0.264248 0.000000 0.599535 0.794264 -0.098498 0.000000 17.125063 10.455401 -6.460028 1.000000
 0.733000
 -0.225483 0.259005 -0.939188 0.000000 -0.582913 0.736555 0.343071 0.000000 0.780621 0.624822 -0.015104 0.000000 19.153915 3.854398 -6.164258 1.000000
 0.833000
 -0.096606 0.184079 -0.978152 0.000000 -0.608722 0.766605 0.204388 0.000000 0.787480 0.615167 0.037994 0.000000 17.871660 3.391060 -3.676823 1.000000
 0.933000
 0.060338 0.007379 -0.998151 0.000000 -0.656746 0.753339 -0.034131 0.000000 0.751694 0.657591 0.050301 0.000000 15.563573 4.905135 -1.964410 1.000000
 1.033000
 0.204000 -0.206368 -0.956973 0.000000 -0.645092 0.706949 -0.289966 0.000000 0.736370 0.676489 0.011091 0.000000 12.985958 7.137704 -2.693130 1.000000
 1.133000
 0.296616 -0.461519 -0.836074 0.000000 -0.501046 0.670095 -0.547655 0.000000 0.813002 0.581354 -0.032481 0.000000 11.356828 9.709612 -5.311851 1.000000
 1.233000
 0.296304 -0.706456 -0.642748 0.000000 -0.286949 0.576031 -0.765408 0.000000 0.910969 0.411229 -0.032037 0.000000 11.519064 12.540833 -8.653932 1.000000
 1.333000
 0.262868 -0.657823 -0.705812 0.000000 -0.384333 0.599602 -0.701973 0.000000 0.884980 0.455793 -0.095207 0.000000 11.669818 14.063111 -8.072641 1.000000
 1.433000
 0.172603 -0.468688 -0.866337 0.000000 -0.636890 0.617837 -0.461140 0.000000 0.751385 0.631356 -0.191862 0.000000 11.267593 15.364017 -6.725581 1.000000
 1.533000
 0.003026 -0.255611 -0.966775 0.000000 -0.835657 0.530355 -0.142839 0.000000 0.549244 0.808324 -0.211998 0.000000 11.112722 16.060427 -5.863086 1.000000
 1.633000
 -0.175766 -0.085922 -0.980675 0.000000 -0.866849 0.485639 0.112816 0.000000 0.466561 0.869926 -0.159840 0.000000 13.130649 14.891861 -5.760670 1.000000
 1.733000
 -0.276699 0.171297 -0.945566 0.000000 -0.677587 0.662955 0.318380 0.000000 0.681406 0.728799 -0.067370 0.000000 18.514660 7.643702 -6.690210 1.000000
 1.833000
 -0.188137 0.247860 -0.950353 0.000000 -0.580337 0.752585 0.311167 0.000000 0.792347 0.610067 0.002253 0.000000 18.873358 3.419595 -5.459657 1.000000
 1.933000
 -0.050556 0.123853 -0.991012 0.000000 -0.610418 0.781535 0.128814 0.000000 0.790464 0.611444 0.036091 0.000000 17.276257 3.922332 -3.034683 1.000000
 2.033000
 0.103816 -0.078047 -0.991530 0.000000 -0.637935 0.759615 -0.126586 0.000000 0.763061 0.645673 0.029071 0.000000 14.868370 5.980539 -2.193839 1.000000
 2.133000
 0.239920 -0.274116 -0.931289 0.000000 -0.622564 0.692628 -0.364254 0.000000 0.744884 0.667179 -0.004480 0.000000 12.321285 7.834373 -3.260974 1.000000
 2.133000
 0.239920 -0.274116 -0.931289 0.000000 -0.622564 0.692628 -0.364254 0.000000 0.744884 0.667179 -0.004480 0.000000 12.321285 7.834373 -3.260974 1.000000
