m_aniFrameList.size 34
aniFrame
  m_time -1.066000
  m_vertexTransformMat 1.000000 -0.000000 -0.000000 0.000000 0.000000 1.000000 0.000000 0.000000 0.000000 -0.000000 1.000000 0.000000 -0.232181 -1.643668 -1.082508 1.000000
aniFrame
  m_time -0.966000
  m_vertexTransformMat 0.999242 -0.005439 0.038536 0.000000 0.004177 0.999454 0.032770 0.000000 -0.038694 -0.032585 0.998720 0.000000 -1.216759 -1.437631 -1.933962 1.000000
aniFrame
  m_time -0.866000
  m_vertexTransformMat 0.998061 -0.009303 0.061541 0.000000 0.006071 0.998603 0.052487 0.000000 -0.061944 -0.052011 0.996724 0.000000 -1.375700 -1.205878 -1.709906 1.000000
aniFrame
  m_time -0.766000
  m_vertexTransformMat 0.998534 -0.007795 0.053569 0.000000 0.005591 0.999137 0.041156 0.000000 -0.053843 -0.040796 0.997716 0.000000 -1.082824 -1.195590 -0.765676 1.000000
aniFrame
  m_time -0.666000
  m_vertexTransformMat 0.999418 -0.004538 0.033794 0.000000 0.003915 0.999822 0.018478 0.000000 -0.033872 -0.018334 0.999258 0.000000 -0.618088 -1.449593 -0.548523 1.000000
aniFrame
  m_time -0.566000
  m_vertexTransformMat 0.999963 -0.001076 0.008526 0.000000 0.001064 0.999998 0.001469 0.000000 -0.008528 -0.001460 0.999962 0.000000 0.002931 -1.639131 -0.928968 1.000000
aniFrame
  m_time -0.466000
  m_vertexTransformMat 0.999650 0.003494 -0.026210 0.000000 -0.003138 0.999903 0.013597 0.000000 0.026255 -0.013510 0.999564 0.000000 0.935016 -1.566495 -1.619252 1.000000
aniFrame
  m_time -0.366000
  m_vertexTransformMat 0.997637 0.010283 -0.067937 0.000000 -0.006982 0.998791 0.048658 0.000000 0.068355 -0.048069 0.996502 0.000000 1.455022 -1.328943 -1.962296 1.000000
aniFrame
  m_time -0.266000
  m_vertexTransformMat 0.997681 0.010132 -0.067302 0.000000 -0.006967 0.998866 0.047091 0.000000 0.067703 -0.046513 0.996621 0.000000 1.258535 -1.153132 -1.240116 1.000000
aniFrame
  m_time -0.166000
  m_vertexTransformMat 0.998892 0.006514 -0.046604 0.000000 -0.005293 0.999641 0.026268 0.000000 0.046758 -0.025993 0.998568 0.000000 0.896986 -1.360447 -0.538403 1.000000
aniFrame
  m_time -0.066000
  m_vertexTransformMat 0.999831 0.002354 -0.018265 0.000000 -0.002254 0.999983 0.005457 0.000000 0.018278 -0.005415 0.999819 0.000000 0.286526 -1.601362 -0.722379 1.000000
aniFrame
  m_time 0.033000
  m_vertexTransformMat 0.999945 -0.001323 0.010403 0.000000 0.001282 0.999992 0.003881 0.000000 -0.010408 -0.003868 0.999939 0.000000 -0.555373 -1.616014 -1.319900 1.000000
aniFrame
  m_time 0.133000
  m_vertexTransformMat 0.998755 -0.007124 0.049364 0.000000 0.005206 0.999231 0.038872 0.000000 -0.049602 -0.038566 0.998024 0.000000 -1.424251 -1.422299 -2.023737 1.000000
aniFrame
  m_time 0.233000
  m_vertexTransformMat 0.998122 -0.009113 0.060579 0.000000 0.006022 0.998679 0.051018 0.000000 -0.060963 -0.050558 0.996859 0.000000 -1.303019 -1.151602 -1.394069 1.000000
aniFrame
  m_time 0.333000
  m_vertexTransformMat 0.998825 -0.006811 0.047981 0.000000 0.005181 0.999408 0.034018 0.000000 -0.048184 -0.033729 0.998269 0.000000 -0.945494 -1.268542 -0.582416 1.000000
aniFrame
  m_time 0.433000
  m_vertexTransformMat 0.999665 -0.003357 0.025665 0.000000 0.003067 0.999931 0.011337 0.000000 -0.025701 -0.011255 0.999606 0.000000 -0.425172 -1.533804 -0.638992 1.000000
aniFrame
  m_time 0.533000
  m_vertexTransformMat 1.000000 -0.000000 -0.000000 0.000000 0.000000 1.000000 0.000000 0.000000 0.000000 0.000000 1.000000 0.000000 0.232186 -1.643667 -1.082504 1.000000
aniFrame
  m_time 0.633000
  m_vertexTransformMat 0.999082 0.005932 -0.042419 0.000000 -0.004821 0.999644 0.026248 0.000000 0.042559 -0.026019 0.998755 0.000000 1.276492 -1.500176 -1.897996 1.000000
aniFrame
  m_time 0.733000
  m_vertexTransformMat 0.997337 0.011056 -0.072088 0.000000 -0.007271 0.998591 0.052557 0.000000 0.072568 -0.051893 0.996013 0.000000 1.408846 -1.224373 -1.791209 1.000000
aniFrame
  m_time 0.833000
  m_vertexTransformMat 0.998044 0.009123 -0.061850 0.000000 -0.006579 0.999129 0.041202 0.000000 0.062173 -0.040715 0.997235 0.000000 1.153347 -1.197706 -0.947552 1.000000
aniFrame
  m_time 0.933000
  m_vertexTransformMat 0.999283 0.005093 -0.037523 0.000000 -0.004402 0.999820 0.018487 0.000000 0.037611 -0.018309 0.999125 0.000000 0.733770 -1.452480 -0.500957 1.000000
aniFrame
  m_time 1.033000
  m_vertexTransformMat 0.999960 0.001117 -0.008823 0.000000 -0.001105 0.999998 0.001468 0.000000 0.008825 -0.001458 0.999960 0.000000 0.029466 -1.639705 -0.904876 1.000000
aniFrame
  m_time 1.133000
  m_vertexTransformMat 0.999720 -0.003092 0.023461 0.000000 0.002773 0.999904 0.013593 0.000000 -0.023501 -0.013524 0.999632 0.000000 -0.933904 -1.567206 -1.632990 1.000000
aniFrame
  m_time 1.233000
  m_vertexTransformMat 0.998269 -0.008679 0.058165 0.000000 0.005852 0.998801 0.048597 0.000000 -0.058517 -0.048173 0.997124 0.000000 -1.436165 -1.330447 -1.936473 1.000000
aniFrame
  m_time 1.333000
  m_vertexTransformMat 0.998289 -0.008586 0.057845 0.000000 0.005866 0.998876 0.047032 0.000000 -0.058183 -0.046612 0.997217 0.000000 -1.205742 -1.151937 -1.057669 1.000000
aniFrame
  m_time 1.433000
  m_vertexTransformMat 0.999130 -0.005705 0.041312 0.000000 0.004623 0.999645 0.026248 0.000000 -0.041447 -0.026034 0.998802 0.000000 -0.792674 -1.357379 -0.523182 1.000000
aniFrame
  m_time 1.533000
  m_vertexTransformMat 0.999850 -0.002197 0.017162 0.000000 0.002103 0.999983 0.005458 0.000000 -0.017174 -0.005421 0.999838 0.000000 -0.217158 -1.599925 -0.773357 1.000000
aniFrame
  m_time 1.633000
  m_vertexTransformMat 0.999936 0.001434 -0.011189 0.000000 -0.001390 0.999991 0.003880 0.000000 0.011194 -0.003864 0.999930 0.000000 0.545140 -1.615939 -1.308340 1.000000
aniFrame
  m_time 1.733000
  m_vertexTransformMat 0.998328 0.008371 -0.057192 0.000000 -0.006149 0.999224 0.038912 0.000000 0.057473 -0.038495 0.997605 0.000000 1.445196 -1.420527 -2.021023 1.000000
aniFrame
  m_time 1.833000
  m_vertexTransformMat 0.997437 0.010811 -0.070727 0.000000 -0.007168 0.998644 0.051555 0.000000 0.071188 -0.050916 0.996162 0.000000 1.338409 -1.158624 -1.537259 1.000000
aniFrame
  m_time 1.933000
  m_vertexTransformMat 0.998526 0.007870 -0.053712 0.000000 -0.005774 0.999220 0.039062 0.000000 0.053977 -0.038695 0.997792 0.000000 1.058864 -1.248154 -0.717685 1.000000
aniFrame
  m_time 2.033000
  m_vertexTransformMat 0.999649 0.003580 -0.026254 0.000000 -0.003081 0.999814 0.019023 0.000000 0.026317 -0.018936 0.999474 0.000000 0.551860 -1.464062 -0.608818 1.000000
aniFrame
  m_time 2.133000
  m_vertexTransformMat 1.000000 -0.000000 0.000000 0.000000 0.000000 1.000000 0.000000 0.000000 0.000000 -0.000000 1.000000 0.000000 -0.232181 -1.643669 -1.082508 1.000000
aniFrame
  m_time 2.133000
  m_vertexTransformMat 1.000000 -0.000000 0.000000 0.000000 0.000000 1.000000 0.000000 0.000000 0.000000 -0.000000 1.000000 0.000000 -0.232181 -1.643669 -1.082508 1.000000
