m_aniFrameList.size 34
aniFrame
  m_time -1.066000
  m_vertexTransformMat 0.969448 0.148515 -0.195226 0.000000 -0.043861 0.888007 0.457734 0.000000 0.241342 -0.435187 0.867391 0.000000 5.966371 -12.953148 -4.976557 1.000000
aniFrame
  m_time -0.966000
  m_vertexTransformMat 0.983068 0.118868 -0.139459 0.000000 0.018797 0.691623 0.722014 0.000000 0.182277 -0.712410 0.677678 0.000000 3.043557 -23.148552 -13.504969 1.000000
aniFrame
  m_time -0.866000
  m_vertexTransformMat 0.998530 0.013959 -0.052378 0.000000 0.036969 0.531299 0.846377 0.000000 0.039643 -0.847069 0.530002 0.000000 -1.955505 -34.055328 -19.507217 1.000000
aniFrame
  m_time -0.766000
  m_vertexTransformMat 0.995144 -0.097439 0.013899 0.000000 0.063930 0.747266 0.661443 0.000000 -0.074837 -0.657343 0.749867 0.000000 -6.288671 -32.647224 -8.140698 1.000000
aniFrame
  m_time -0.666000
  m_vertexTransformMat 0.997893 -0.037708 -0.052792 0.000000 0.050416 0.962871 0.265215 0.000000 0.040831 -0.267318 0.962743 0.000000 -1.526292 -20.554728 1.924816 1.000000
aniFrame
  m_time -0.566000
  m_vertexTransformMat 0.985456 -0.109562 -0.129896 0.000000 0.062746 0.944986 -0.321035 0.000000 0.157923 0.308215 0.938117 0.000000 2.895023 2.807807 0.019542 1.000000
aniFrame
  m_time -0.466000
  m_vertexTransformMat 0.967415 -0.088867 -0.237087 0.000000 0.022513 0.962865 -0.269044 0.000000 0.252192 0.254940 0.933491 0.000000 6.434206 3.998214 -1.487476 1.000000
aniFrame
  m_time -0.366000
  m_vertexTransformMat 0.959645 -0.020830 -0.280443 0.000000 0.030415 0.999091 0.029870 0.000000 0.279566 -0.037195 0.959406 0.000000 7.682384 -7.307874 -0.336521 1.000000
aniFrame
  m_time -0.266000
  m_vertexTransformMat 0.958283 0.030116 -0.284230 0.000000 -0.003394 0.995562 0.094043 0.000000 0.285801 -0.089155 0.954133 0.000000 8.091249 -5.968657 -0.627159 1.000000
aniFrame
  m_time -0.166000
  m_vertexTransformMat 0.960572 0.076708 -0.267240 0.000000 -0.035191 0.987001 0.156813 0.000000 0.275795 -0.141226 0.950785 0.000000 7.780549 -4.796135 -0.548706 1.000000
aniFrame
  m_time -0.066000
  m_vertexTransformMat 0.964662 0.127147 -0.230782 0.000000 -0.046560 0.944341 0.325658 0.000000 0.259343 -0.303405 0.916890 0.000000 6.917955 -9.098294 -2.520296 1.000000
aniFrame
  m_time 0.033000
  m_vertexTransformMat 0.973230 0.142138 -0.180610 0.000000 -0.024706 0.845979 0.532644 0.000000 0.228501 -0.513923 0.826844 0.000000 5.250757 -15.054187 -6.654918 1.000000
aniFrame
  m_time 0.133000
  m_vertexTransformMat 0.988405 0.109536 -0.105151 0.000000 0.021991 0.581946 0.812930 0.000000 0.150237 -0.805817 0.572789 0.000000 1.890767 -28.537573 -18.163902 1.000000
aniFrame
  m_time 0.233000
  m_vertexTransformMat 0.997393 -0.068694 -0.022099 0.000000 0.058798 0.596092 0.800761 0.000000 -0.041835 -0.799972 0.598577 0.000000 -5.016758 -34.290405 -16.154406 1.000000
aniFrame
  m_time 0.333000
  m_vertexTransformMat 0.998620 -0.052513 0.000208 0.000000 0.043304 0.825708 0.562433 0.000000 -0.029707 -0.561648 0.826843 0.000000 -4.401972 -30.707184 -3.930845 1.000000
aniFrame
  m_time 0.433000
  m_vertexTransformMat 0.995059 -0.058906 -0.079921 0.000000 0.063989 0.995985 0.062606 0.000000 0.075913 -0.067411 0.994833 0.000000 -0.191251 -12.739061 2.878407 1.000000
aniFrame
  m_time 0.533000
  m_vertexTransformMat 0.980149 -0.124820 -0.154041 0.000000 0.043860 0.894206 -0.445503 0.000000 0.193352 0.429902 0.881929 0.000000 4.245546 8.236188 -2.372247 1.000000
aniFrame
  m_time 0.633000
  m_vertexTransformMat 0.963941 -0.062036 -0.258784 0.000000 0.034485 0.993369 -0.109677 0.000000 0.263872 0.096798 0.959688 0.000000 6.942289 -2.984614 -0.240474 1.000000
aniFrame
  m_time 0.733000
  m_vertexTransformMat 0.958764 -0.002118 -0.284195 0.000000 0.022409 0.997422 0.068164 0.000000 0.283318 -0.071722 0.956340 0.000000 7.886886 -7.769109 -0.516112 1.000000
aniFrame
  m_time 0.833000
  m_vertexTransformMat 0.958806 0.045077 -0.280461 0.000000 -0.016867 0.994621 0.102196 0.000000 0.283559 -0.093256 0.954409 0.000000 8.049326 -4.874310 -0.527540 1.000000
aniFrame
  m_time 0.933000
  m_vertexTransformMat 0.961566 0.093435 -0.258188 0.000000 -0.039776 0.977803 0.205719 0.000000 0.271678 -0.187542 0.943938 0.000000 7.581501 -5.853253 -0.928462 1.000000
aniFrame
  m_time 1.033000
  m_vertexTransformMat 0.966826 0.140521 -0.213313 0.000000 -0.047692 0.919706 0.389701 0.000000 0.250946 -0.366600 0.895897 0.000000 6.471612 -10.922618 -3.632428 1.000000
aniFrame
  m_time 1.133000
  m_vertexTransformMat 0.977288 0.128865 -0.168230 0.000000 0.004540 0.780946 0.624582 0.000000 0.211865 -0.611161 0.762624 0.000000 4.305377 -18.231533 -9.395696 1.000000
aniFrame
  m_time 1.233000
  m_vertexTransformMat 0.993734 0.081831 -0.076135 0.000000 0.023118 0.515957 0.856302 0.000000 0.109355 -0.852697 0.510833 0.000000 0.537297 -32.298317 -20.599142 1.000000
aniFrame
  m_time 1.333000
  m_vertexTransformMat 0.993368 -0.114847 0.005397 0.000000 0.073685 0.671968 0.736906 0.000000 -0.088258 -0.731621 0.675974 0.000000 -6.833235 -33.568375 -12.198924 1.000000
aniFrame
  m_time 1.433000
  m_vertexTransformMat 0.999263 -0.028413 -0.025820 0.000000 0.036815 0.899942 0.434453 0.000000 0.010893 -0.435083 0.900325 0.000000 -2.700224 -26.791313 -0.444743 1.000000
aniFrame
  m_time 1.533000
  m_vertexTransformMat 0.990741 -0.085313 -0.105613 0.000000 0.069726 0.987210 -0.143369 0.000000 0.116493 0.134678 0.984018 0.000000 1.334304 -4.531221 2.104442 1.000000
aniFrame
  m_time 1.633000
  m_vertexTransformMat 0.973222 -0.114450 -0.199349 0.000000 0.027002 0.918153 -0.395305 0.000000 0.228275 0.379336 0.896657 0.000000 5.469359 7.524420 -2.326533 1.000000
aniFrame
  m_time 1.733000
  m_vertexTransformMat 0.961066 -0.040874 -0.273277 0.000000 0.035156 0.999049 -0.025791 0.000000 0.274072 0.015180 0.961590 0.000000 7.416631 -5.911289 -0.188581 1.000000
aniFrame
  m_time 1.833000
  m_vertexTransformMat 0.958352 0.014968 -0.285198 0.000000 0.011267 0.995866 0.090127 0.000000 0.285368 -0.089587 0.954222 0.000000 8.023767 -7.351391 -0.634719 1.000000
aniFrame
  m_time 1.933000
  m_vertexTransformMat 0.959630 0.060079 -0.274775 0.000000 -0.028420 0.992633 0.117783 0.000000 0.279827 -0.105219 0.954267 0.000000 7.933672 -4.211427 -0.427549 1.000000
aniFrame
  m_time 2.033000
  m_vertexTransformMat 0.963161 0.108355 -0.246129 0.000000 -0.042997 0.965509 0.256796 0.000000 0.265465 -0.236753 0.934600 0.000000 7.239615 -6.965176 -1.476081 1.000000
aniFrame
  m_time 2.133000
  m_vertexTransformMat 0.969450 0.148819 -0.194983 0.000000 -0.043292 0.886251 0.461178 0.000000 0.241436 -0.438648 0.865619 0.000000 5.969818 -13.137074 -5.065586 1.000000
aniFrame
  m_time 2.133000
  m_vertexTransformMat 0.969450 0.148819 -0.194983 0.000000 -0.043292 0.886251 0.461178 0.000000 0.241436 -0.438648 0.865619 0.000000 5.969818 -13.137074 -5.065586 1.000000
