m_aniFrameList.size 34
aniFrame
  m_time -1.066000
  m_vertexTransformMat -0.466645 0.606317 -0.643912 0.000000 0.831714 0.548454 -0.086314 0.000000 0.300822 -0.575828 -0.760216 0.000000 -12.515952 12.381980 -50.807671 1.000000
aniFrame
  m_time -0.966000
  m_vertexTransformMat -0.547163 0.599179 -0.584463 0.000000 0.662029 0.737065 0.135845 0.000000 0.512182 -0.312602 -0.799968 0.000000 -13.005593 15.345857 -50.966682 1.000000
aniFrame
  m_time -0.866000
  m_vertexTransformMat -0.645735 0.555731 -0.523633 0.000000 0.513291 0.823639 0.241146 0.000000 0.565296 -0.113060 -0.817104 0.000000 -15.641336 16.113886 -49.535313 1.000000
aniFrame
  m_time -0.766000
  m_vertexTransformMat -0.718580 0.506303 -0.476759 0.000000 0.524827 0.844595 0.105904 0.000000 0.456288 -0.174116 -0.872631 0.000000 -20.208420 12.119676 -47.850193 1.000000
aniFrame
  m_time -0.666000
  m_vertexTransformMat -0.771800 0.458096 -0.440991 0.000000 0.560152 0.818032 -0.130587 0.000000 0.300923 -0.347809 -0.887960 0.000000 -24.832926 6.012461 -46.262634 1.000000
aniFrame
  m_time -0.566000
  m_vertexTransformMat -0.827335 0.376376 -0.416961 0.000000 0.535583 0.752328 -0.383605 0.000000 0.169312 -0.540687 -0.824009 0.000000 -28.613409 -1.029991 -44.353283 1.000000
aniFrame
  m_time -0.466000
  m_vertexTransformMat -0.917437 0.174987 -0.357336 0.000000 0.375228 0.679228 -0.630757 0.000000 0.132338 -0.712762 -0.688809 0.000000 -31.058664 -10.238102 -40.772778 1.000000
aniFrame
  m_time -0.366000
  m_vertexTransformMat -0.970046 -0.077437 -0.230251 0.000000 0.152800 0.542345 -0.826145 0.000000 0.188849 -0.836580 -0.514267 0.000000 -30.955025 -18.904215 -34.664722 1.000000
aniFrame
  m_time -0.266000
  m_vertexTransformMat -0.945616 -0.018768 -0.324744 0.000000 0.255370 0.575552 -0.776870 0.000000 0.201487 -0.817550 -0.539458 0.000000 -29.792583 -15.047543 -37.669804 1.000000
aniFrame
  m_time -0.166000
  m_vertexTransformMat -0.823645 0.222102 -0.521805 0.000000 0.529040 0.632346 -0.565912 0.000000 0.204270 -0.742166 -0.638329 0.000000 -25.493391 -4.393260 -44.817703 1.000000
aniFrame
  m_time -0.066000
  m_vertexTransformMat -0.596013 0.491427 -0.635035 0.000000 0.765230 0.587240 -0.263767 0.000000 0.243295 -0.643156 -0.726057 0.000000 -17.392277 7.145601 -49.730408 1.000000
aniFrame
  m_time 0.033000
  m_vertexTransformMat -0.441917 0.634087 -0.634542 0.000000 0.823528 0.567237 -0.006703 0.000000 0.355685 -0.525525 -0.772859 0.000000 -11.146710 14.074424 -51.008282 1.000000
aniFrame
  m_time 0.133000
  m_vertexTransformMat -0.549276 0.612880 -0.568044 0.000000 0.623082 0.753350 0.210317 0.000000 0.556835 -0.238416 -0.795672 0.000000 -12.506056 16.847994 -50.632065 1.000000
aniFrame
  m_time 0.233000
  m_vertexTransformMat -0.673224 0.537122 -0.508204 0.000000 0.507330 0.835521 0.210998 0.000000 0.537947 -0.115778 -0.834990 0.000000 -17.093052 15.078131 -49.020985 1.000000
aniFrame
  m_time 0.333000
  m_vertexTransformMat -0.737491 0.491868 -0.462790 0.000000 0.539322 0.841381 0.034797 0.000000 0.406498 -0.223930 -0.885786 0.000000 -21.791895 10.265766 -47.297657 1.000000
aniFrame
  m_time 0.433000
  m_vertexTransformMat -0.789044 0.436063 -0.432734 0.000000 0.560882 0.798723 -0.217840 0.000000 0.250642 -0.414598 -0.874807 0.000000 -26.225157 3.704053 -45.698441 1.000000
aniFrame
  m_time 0.533000
  m_vertexTransformMat -0.848951 0.337273 -0.406852 0.000000 0.508688 0.730194 -0.456127 0.000000 0.143242 -0.594191 -0.791466 0.000000 -29.548590 -3.357705 -43.547737 1.000000
aniFrame
  m_time 0.633000
  m_vertexTransformMat -0.947476 0.070844 -0.311882 0.000000 0.284005 0.634799 -0.718591 0.000000 0.147074 -0.769424 -0.621576 0.000000 -31.310217 -14.092582 -38.599705 1.000000
aniFrame
  m_time 0.733000
  m_vertexTransformMat -0.968330 -0.091134 -0.232450 0.000000 0.149881 0.532417 -0.833107 0.000000 0.199684 -0.841562 -0.501896 0.000000 -30.669334 -18.876020 -34.508514 1.000000
aniFrame
  m_time 0.833000
  m_vertexTransformMat -0.919445 0.047697 -0.390315 0.000000 0.338209 0.602275 -0.723104 0.000000 0.200587 -0.796862 -0.569891 0.000000 -28.873466 -11.996661 -39.993034 1.000000
aniFrame
  m_time 0.933000
  m_vertexTransformMat -0.754447 0.317821 -0.574283 0.000000 0.621264 0.628062 -0.468583 0.000000 0.211760 -0.710302 -0.671290 0.000000 -23.040501 -0.308663 -46.897743 1.000000
aniFrame
  m_time 1.033000
  m_vertexTransformMat -0.522960 0.558001 -0.644320 0.000000 0.808899 0.563198 -0.168793 0.000000 0.268693 -0.609461 -0.745896 0.000000 -14.705655 10.105245 -50.449032 1.000000
aniFrame
  m_time 1.133000
  m_vertexTransformMat -0.453765 0.643244 -0.616713 0.000000 0.778842 0.622564 0.076290 0.000000 0.433016 -0.445704 -0.783482 0.000000 -10.744897 15.406611 -51.100883 1.000000
aniFrame
  m_time 1.233000
  m_vertexTransformMat -0.604842 0.582366 -0.543154 0.000000 0.550791 0.798536 0.242839 0.000000 0.575149 -0.152285 -0.803750 0.000000 -14.091548 16.752510 -50.077370 1.000000
aniFrame
  m_time 1.333000
  m_vertexTransformMat -0.697367 0.520972 -0.492208 0.000000 0.512683 0.842503 0.165362 0.000000 0.500836 -0.137028 -0.854627 0.000000 -18.632027 13.736690 -48.441822 1.000000
aniFrame
  m_time 1.433000
  m_vertexTransformMat -0.754920 0.476268 -0.450850 0.000000 0.552180 0.832502 -0.045153 0.000000 0.353828 -0.283037 -0.891458 0.000000 -23.346111 8.215446 -46.785900 1.000000
aniFrame
  m_time 1.533000
  m_vertexTransformMat -0.807401 0.409098 -0.425139 0.000000 0.552920 0.776083 -0.303274 0.000000 0.205874 -0.479932 -0.852808 0.000000 -27.495041 1.339876 -45.067924 1.000000
aniFrame
  m_time 1.633000
  m_vertexTransformMat -0.880096 0.271636 -0.389417 0.000000 0.456560 0.709300 -0.537072 0.000000 0.130325 -0.650467 -0.748270 0.000000 -30.400745 -6.369425 -42.448910 1.000000
aniFrame
  m_time 1.733000
  m_vertexTransformMat -0.964464 -0.018968 -0.263534 0.000000 0.203403 0.583293 -0.786382 0.000000 0.168634 -0.812040 -0.558707 0.000000 -31.218624 -17.167889 -36.321056 1.000000
aniFrame
  m_time 1.833000
  m_vertexTransformMat -0.961308 -0.068555 -0.266810 0.000000 0.186611 0.550405 -0.813776 0.000000 0.202642 -0.832079 -0.516315 0.000000 -30.353041 -17.475798 -35.672070 1.000000
aniFrame
  m_time 1.933000
  m_vertexTransformMat -0.895760 0.098546 -0.433477 0.000000 0.390750 0.639496 -0.662087 0.000000 0.211961 -0.762453 -0.611342 0.000000 -27.870480 -9.523448 -41.777569 1.000000
aniFrame
  m_time 2.033000
  m_vertexTransformMat -0.721541 0.364840 -0.588447 0.000000 0.646844 0.658313 -0.384989 0.000000 0.246924 -0.658419 -0.710995 0.000000 -21.551128 2.053057 -48.049160 1.000000
aniFrame
  m_time 2.133000
  m_vertexTransformMat -0.466646 0.606317 -0.643912 0.000000 0.831714 0.548454 -0.086314 0.000000 0.300822 -0.575828 -0.760216 0.000000 -12.515954 12.381987 -50.807671 1.000000
aniFrame
  m_time 2.133000
  m_vertexTransformMat -0.466646 0.606317 -0.643912 0.000000 0.831714 0.548454 -0.086314 0.000000 0.300822 -0.575828 -0.760216 0.000000 -12.515954 12.381987 -50.807671 1.000000
