 34
 -1.066000
 0.429036 -0.231886 -0.873016 0.000000 -0.544272 0.704975 -0.454730 0.000000 0.720900 0.670253 0.176250 0.000000 7.544332 6.470477 -2.732095 1.000000
 -0.966000
 0.425827 -0.404089 -0.809558 0.000000 -0.476522 0.660434 -0.580305 0.000000 0.769154 0.632881 0.088674 0.000000 7.149041 8.490149 -4.763096 1.000000
 -0.866000
 0.409620 -0.464278 -0.785275 0.000000 -0.475589 0.625890 -0.618125 0.000000 0.778477 0.626665 0.035572 0.000000 7.201942 9.796336 -5.174828 1.000000
 -0.766000
 0.370848 -0.282735 -0.884609 0.000000 -0.618441 0.635420 -0.462355 0.000000 0.692822 0.718541 0.060789 0.000000 6.789733 9.614362 -3.293081 1.000000
 -0.666000
 0.256265 -0.010712 -0.966547 0.000000 -0.785819 0.579965 -0.214775 0.000000 0.562864 0.814571 0.140207 0.000000 6.661557 8.493729 -1.894956 1.000000
 -0.566000
 0.101488 0.205334 -0.973416 0.000000 -0.880901 0.473234 0.007982 0.000000 0.462292 0.856672 0.228906 0.000000 7.325531 7.323802 -1.662953 1.000000
 -0.466000
 0.034126 0.264790 -0.963702 0.000000 -0.871688 0.479562 0.100898 0.000000 0.488871 0.836605 0.247180 0.000000 8.954072 6.812650 -2.530517 1.000000
 -0.366000
 0.085619 0.195408 -0.976978 0.000000 -0.777222 0.626620 0.057219 0.000000 0.623375 0.754429 0.205526 0.000000 10.413428 6.417933 -3.284587 1.000000
 -0.266000
 0.174697 0.101886 -0.979337 0.000000 -0.717909 0.693892 -0.055873 0.000000 0.673861 0.712835 0.194366 0.000000 10.202591 6.287730 -2.482578 1.000000
 -0.166000
 0.286925 -0.016916 -0.957804 0.000000 -0.660894 0.720294 -0.210702 0.000000 0.693464 0.693462 0.195491 0.000000 9.383903 6.105630 -1.643535 1.000000
 -0.066000
 0.386615 -0.147434 -0.910380 0.000000 -0.591840 0.717394 -0.367519 0.000000 0.707286 0.680888 0.190098 0.000000 8.236670 6.146152 -2.030292 1.000000
 0.033000
 0.439548 -0.282539 -0.852625 0.000000 -0.518483 0.695319 -0.497702 0.000000 0.733467 0.660836 0.159135 0.000000 7.285211 6.870663 -3.248901 1.000000
 0.133000
 0.427417 -0.451469 -0.783256 0.000000 -0.454552 0.641588 -0.617858 0.000000 0.781471 0.620113 0.069010 0.000000 7.083234 8.881446 -5.205302 1.000000
 0.233000
 0.402154 -0.422048 -0.812494 0.000000 -0.513004 0.631162 -0.581774 0.000000 0.758352 0.650776 0.037312 0.000000 7.092975 9.869974 -4.638431 1.000000
 0.333000
 0.342054 -0.194850 -0.919256 0.000000 -0.677462 0.626791 -0.384940 0.000000 0.651187 0.754431 0.082393 0.000000 6.671896 9.311848 -2.692118 1.000000
 0.433000
 0.203794 0.073945 -0.976217 0.000000 -0.828151 0.544834 -0.131615 0.000000 0.522144 0.835277 0.172271 0.000000 6.799055 8.057054 -1.697215 1.000000
 0.533000
 0.062244 0.246280 -0.967198 0.000000 -0.891704 0.449021 0.056950 0.000000 0.448318 0.858910 0.247558 0.000000 7.682619 7.084970 -1.777072 1.000000
 0.633000
 0.043024 0.249882 -0.967320 0.000000 -0.844194 0.526898 0.098563 0.000000 0.534308 0.812365 0.233618 0.000000 9.664526 6.686853 -2.985312 1.000000
 0.733000
 0.111865 0.165530 -0.979840 0.000000 -0.752319 0.658312 0.025323 0.000000 0.649232 0.734319 0.198174 0.000000 10.462152 6.355618 -3.130746 1.000000
 0.833000
 0.211167 0.064779 -0.975301 0.000000 -0.700146 0.706284 -0.104681 0.000000 0.682059 0.704958 0.194499 0.000000 9.975207 6.224650 -2.123983 1.000000
 0.933000
 0.323363 -0.060076 -0.944366 0.000000 -0.639022 0.722189 -0.264752 0.000000 0.697916 0.689082 0.195140 0.000000 9.030448 6.076616 -1.627349 1.000000
 1.033000
 0.410979 -0.190315 -0.891558 0.000000 -0.567698 0.711780 -0.413629 0.000000 0.713313 0.676129 0.184485 0.000000 7.861529 6.270343 -2.367371 1.000000
 1.133000
 0.441779 -0.344302 -0.828425 0.000000 -0.490893 0.680141 -0.544456 0.000000 0.750903 0.647197 0.131456 0.000000 7.099440 7.491906 -3.960371 1.000000
 1.233000
 0.417379 -0.474794 -0.774833 0.000000 -0.455873 0.628203 -0.630509 0.000000 0.786114 0.616386 0.045753 0.000000 7.190296 9.436704 -5.382338 1.000000
 1.333000
 0.390214 -0.360133 -0.847371 0.000000 -0.562082 0.635756 -0.529035 0.000000 0.729244 0.682729 0.045657 0.000000 6.940243 9.805719 -3.976738 1.000000
 1.433000
 0.303396 -0.102183 -0.947370 0.000000 -0.734593 0.608163 -0.300851 0.000000 0.606897 0.787208 0.109451 0.000000 6.620354 8.925900 -2.228107 1.000000
 1.533000
 0.150459 0.147108 -0.977610 0.000000 -0.859943 0.507309 -0.056011 0.000000 0.487710 0.849116 0.202833 0.000000 7.025285 7.655934 -1.626634 1.000000
 1.633000
 0.039286 0.265505 -0.963309 0.000000 -0.888836 0.449753 0.087712 0.000000 0.456539 0.852777 0.253659 0.000000 8.225840 6.931937 -2.066958 1.000000
 1.733000
 0.061577 0.225273 -0.972348 0.000000 -0.810628 0.579655 0.082959 0.000000 0.582315 0.783104 0.218306 0.000000 10.165422 6.545826 -3.255733 1.000000
 1.833000
 0.140094 0.135562 -0.980814 0.000000 -0.735222 0.677732 -0.011343 0.000000 0.663191 0.722705 0.194614 0.000000 10.370037 6.342579 -2.845517 1.000000
 1.933000
 0.238616 0.024563 -0.970803 0.000000 -0.684236 0.713641 -0.150124 0.000000 0.689118 0.700081 0.187093 0.000000 9.783113 6.347076 -1.907150 1.000000
 2.033000
 0.341955 -0.103902 -0.933954 0.000000 -0.622749 0.719238 -0.308026 0.000000 0.703740 0.686950 0.181242 0.000000 8.780445 6.417010 -1.881246 1.000000
 2.133000
 0.429036 -0.231886 -0.873016 0.000000 -0.544272 0.704975 -0.454730 0.000000 0.720900 0.670253 0.176250 0.000000 7.544331 6.470476 -2.732096 1.000000
 2.133000
 0.429036 -0.231886 -0.873016 0.000000 -0.544272 0.704975 -0.454730 0.000000 0.720900 0.670253 0.176250 0.000000 7.544331 6.470476 -2.732096 1.000000
