 34
 -1.066000
 0.949087 -0.291735 0.118851 0.000000 0.288112 0.956443 0.046989 0.000000 -0.127383 -0.010355 0.991800 0.000000 -1.253524 -1.175216 -1.309196 1.000000
 -0.966000
 0.975162 -0.160583 0.152554 0.000000 0.164751 0.986221 -0.015005 0.000000 -0.148042 0.039766 0.988181 0.000000 -2.046742 -0.525757 -2.090744 1.000000
 -0.866000
 0.987072 -0.028031 0.157809 0.000000 0.038793 0.997096 -0.065534 0.000000 -0.155514 0.070809 0.985293 0.000000 -2.016639 -0.101648 -1.787037 1.000000
 -0.766000
 0.987690 0.105964 0.115068 0.000000 -0.099954 0.993369 -0.056817 0.000000 -0.120325 0.044616 0.991731 0.000000 -1.440856 -0.540347 -0.812074 1.000000
 -0.666000
 0.966982 0.247685 0.059987 0.000000 -0.247999 0.968758 -0.002277 0.000000 -0.058677 -0.012675 0.998197 0.000000 -0.564994 -1.485163 -0.630818 1.000000
 -0.566000
 0.934055 0.356792 0.015486 0.000000 -0.357122 0.932918 0.046118 0.000000 0.002008 -0.048608 0.998816 0.000000 0.426808 -2.124219 -1.066434 1.000000
 -0.466000
 0.926092 0.376177 -0.029052 0.000000 -0.375229 0.926333 0.033336 0.000000 0.039452 -0.019971 0.999022 0.000000 1.412768 -1.758315 -1.671845 1.000000
 -0.366000
 0.957201 0.281407 -0.067649 0.000000 -0.284017 0.958268 -0.032500 0.000000 0.055680 0.050322 0.997180 0.000000 1.668451 -0.661491 -1.811915 1.000000
 -0.266000
 0.989591 0.138588 -0.038786 0.000000 -0.140685 0.988361 -0.057891 0.000000 0.030312 0.062745 0.997569 0.000000 1.153159 -0.331077 -1.094137 1.000000
 -0.166000
 0.998168 -0.052339 0.030331 0.000000 0.053022 0.998348 -0.022145 0.000000 -0.029122 0.023713 0.999294 0.000000 0.363506 -0.764129 -0.529885 1.000000
 -0.066000
 0.969416 -0.228024 0.090759 0.000000 0.226166 0.973615 0.030389 0.000000 -0.095294 -0.008933 0.995409 0.000000 -0.611398 -1.164880 -0.879266 1.000000
 0.033000
 0.947776 -0.290245 0.132210 0.000000 0.287265 0.956952 0.041506 0.000000 -0.138565 -0.001360 0.990353 0.000000 -1.579299 -1.056557 -1.555721 1.000000
 0.133000
 0.975168 -0.147510 0.165193 0.000000 0.153420 0.987881 -0.023531 0.000000 -0.159720 0.048291 0.985981 0.000000 -2.245059 -0.416968 -2.177528 1.000000
 0.233000
 0.988967 0.014332 0.147445 0.000000 -0.003952 0.997507 -0.070450 0.000000 -0.148087 0.069090 0.986558 0.000000 -1.868946 -0.137489 -1.455086 1.000000
 0.333000
 0.983358 0.154031 0.096336 0.000000 -0.150668 0.987721 -0.041308 0.000000 -0.101516 0.026106 0.994491 0.000000 -1.174983 -0.842731 -0.633215 1.000000
 0.433000
 0.956023 0.290019 0.043692 0.000000 -0.290973 0.956577 0.017209 0.000000 -0.036804 -0.029165 0.998897 0.000000 -0.232345 -1.766373 -0.743223 1.000000
 0.533000
 0.925990 0.377534 0.003181 0.000000 -0.377183 0.924692 0.051746 0.000000 0.016595 -0.049116 0.998656 0.000000 0.727565 -2.159384 -1.220194 1.000000
 0.633000
 0.933985 0.354258 -0.046625 0.000000 -0.354052 0.935137 0.012879 0.000000 0.048163 0.004479 0.998829 0.000000 1.680980 -1.393478 -1.877468 1.000000
 0.733000
 0.969080 0.237782 -0.065898 0.000000 -0.241194 0.969201 -0.049736 0.000000 0.052042 0.064093 0.996586 0.000000 1.525967 -0.412311 -1.616267 1.000000
 0.833000
 0.996758 0.078584 -0.017292 0.000000 -0.079371 0.995546 -0.050875 0.000000 0.013217 0.052082 0.998555 0.000000 0.910992 -0.437430 -0.837823 1.000000
 0.933000
 0.991717 -0.117059 0.052859 0.000000 0.117423 0.993075 -0.003825 0.000000 -0.052045 0.010001 0.998595 0.000000 0.062082 -0.930389 -0.550074 1.000000
 1.033000
 0.957736 -0.267436 0.105921 0.000000 0.264407 0.963499 0.041943 0.000000 -0.113271 -0.012164 0.993490 0.000000 -0.945221 -1.203651 -1.103340 1.000000
 1.133000
 0.954414 -0.260009 0.146590 0.000000 0.259153 0.965506 0.025248 0.000000 -0.148098 0.013892 0.988875 0.000000 -1.915809 -0.862401 -1.857582 1.000000
 1.233000
 0.982660 -0.084332 0.165130 0.000000 0.093249 0.994533 -0.047000 0.000000 -0.160263 0.061583 0.985151 0.000000 -2.163932 -0.236798 -2.046426 1.000000
 1.333000
 0.989409 0.058977 0.132632 0.000000 -0.050403 0.996472 -0.067101 0.000000 -0.136122 0.059706 0.988892 0.000000 -1.676968 -0.293784 -1.107881 1.000000
 1.433000
 0.976343 0.201791 0.077689 0.000000 -0.200637 0.979408 -0.022462 0.000000 -0.080622 0.006344 0.996725 0.000000 -0.882995 -1.167937 -0.586526 1.000000
 1.533000
 0.944582 0.327000 0.028908 0.000000 -0.327877 0.944109 0.033986 0.000000 -0.016179 -0.041581 0.999004 0.000000 0.102560 -1.986684 -0.897803 1.000000
 1.633000
 0.922994 0.384649 -0.011291 0.000000 -0.383746 0.922219 0.047449 0.000000 0.028664 -0.039463 0.998810 0.000000 1.059356 -2.036404 -1.418494 1.000000
 1.733000
 0.944960 0.321545 -0.060495 0.000000 -0.322710 0.946442 -0.010326 0.000000 0.053935 0.029280 0.998115 0.000000 1.757131 -1.007417 -1.927398 1.000000
 1.833000
 0.979502 0.193526 -0.055884 0.000000 -0.196695 0.978736 -0.058196 0.000000 0.043433 0.067996 0.996740 0.000000 1.358437 -0.307681 -1.366619 1.000000
 1.933000
 0.998931 0.046221 0.000317 0.000000 -0.046158 0.997890 -0.045658 0.000000 -0.002427 0.045594 0.998957 0.000000 0.737297 -0.510021 -0.632480 1.000000
 2.033000
 0.990198 -0.122632 0.066852 0.000000 0.123092 0.992391 -0.002792 0.000000 -0.066001 0.010993 0.997759 0.000000 -0.143290 -0.921375 -0.677185 1.000000
 2.133000
 0.949087 -0.291735 0.118851 0.000000 0.288112 0.956443 0.046989 0.000000 -0.127383 -0.010354 0.991800 0.000000 -1.253524 -1.175216 -1.309195 1.000000
 2.133000
 0.949087 -0.291735 0.118851 0.000000 0.288112 0.956443 0.046989 0.000000 -0.127383 -0.010354 0.991800 0.000000 -1.253524 -1.175216 -1.309195 1.000000
