 34
 -1.066000
 0.062243 -0.246282 0.967198 0.000000 0.891703 0.449023 0.056952 0.000000 -0.448320 0.858908 0.247559 0.000000 -7.534562 7.123835 -1.929801 1.000000
 -0.966000
 0.072514 -0.214843 0.973953 0.000000 0.821962 0.565975 0.063651 0.000000 -0.564908 0.795936 0.217634 0.000000 -9.620186 6.764684 -3.229630 1.000000
 -0.866000
 0.111863 -0.165532 0.979840 0.000000 0.752317 0.658315 0.025326 0.000000 -0.649235 0.734317 0.198174 0.000000 -10.364567 6.383308 -3.196966 1.000000
 -0.766000
 0.211165 -0.064780 0.975301 0.000000 0.700145 0.706286 -0.104678 0.000000 -0.682060 0.704957 0.194499 0.000000 -9.834915 6.230940 -2.089559 1.000000
 -0.666000
 0.323361 0.060074 0.944367 0.000000 0.639021 0.722191 -0.264749 0.000000 -0.697918 0.689080 0.195140 0.000000 -8.831404 6.058570 -1.817887 1.000000
 -0.566000
 0.410977 0.190314 0.891559 0.000000 0.567697 0.711781 -0.413626 0.000000 -0.713314 0.676127 0.184485 0.000000 -7.736710 6.235526 -2.530412 1.000000
 -0.466000
 0.441777 0.344302 0.828426 0.000000 0.490892 0.680144 -0.544454 0.000000 -0.750905 0.647195 0.131457 0.000000 -7.036522 7.467758 -4.083735 1.000000
 -0.366000
 0.417376 0.474794 0.774834 0.000000 0.455872 0.628205 -0.630507 0.000000 -0.786115 0.616384 0.045752 0.000000 -7.151943 9.454001 -5.551855 1.000000
 -0.266000
 0.390212 0.360132 0.847373 0.000000 0.562082 0.635758 -0.529033 0.000000 -0.729246 0.682727 0.045657 0.000000 -6.848196 9.838361 -4.316266 1.000000
 -0.166000
 0.303394 0.102182 0.947371 0.000000 0.734592 0.608165 -0.300848 0.000000 -0.606899 0.787206 0.109452 0.000000 -6.429098 8.964255 -2.406845 1.000000
 -0.066000
 0.150457 -0.147109 0.977611 0.000000 0.859942 0.507310 -0.056009 0.000000 -0.487712 0.849115 0.202833 0.000000 -6.822950 7.695781 -1.734334 1.000000
 0.033000
 0.039284 -0.265506 0.963309 0.000000 0.888834 0.449755 0.087714 0.000000 -0.456541 0.852776 0.253660 0.000000 -8.091314 6.969675 -2.228738 1.000000
 0.133000
 0.061575 -0.225275 0.972348 0.000000 0.810626 0.579657 0.082962 0.000000 -0.582317 0.783102 0.218306 0.000000 -10.048759 6.577391 -3.406409 1.000000
 0.233000
 0.141103 -0.135641 0.980659 0.000000 0.735071 0.677884 -0.012004 0.000000 -0.663145 0.722547 0.195357 0.000000 -10.260690 6.354927 -2.846754 1.000000
 0.333000
 0.249055 -0.024947 0.968168 0.000000 0.681247 0.715059 -0.156821 0.000000 -0.688385 0.698619 0.195084 0.000000 -9.538404 6.157580 -1.853833 1.000000
 0.433000
 0.357016 0.103810 0.928312 0.000000 0.615845 0.721070 -0.317480 0.000000 -0.702335 0.685042 0.193503 0.000000 -8.448634 6.060694 -1.974671 1.000000
 0.533000
 0.429034 0.231886 0.873017 0.000000 0.544271 0.704977 -0.454727 0.000000 -0.720902 0.670251 0.176250 0.000000 -7.454193 6.433841 -2.869945 1.000000
 0.633000
 0.436791 0.404489 0.803494 0.000000 0.467739 0.660844 -0.586946 0.000000 -0.768398 0.632198 0.099455 0.000000 -6.964410 8.189934 -4.810304 1.000000
 0.733000
 0.409618 0.464278 0.785277 0.000000 0.475588 0.625892 -0.618122 0.000000 -0.778479 0.626662 0.035571 0.000000 -7.151896 9.796576 -5.398949 1.000000
 0.833000
 0.370845 0.282735 0.884610 0.000000 0.618440 0.635423 -0.462353 0.000000 -0.692824 0.718539 0.060789 0.000000 -6.665699 9.649443 -3.635412 1.000000
 0.933000
 0.256263 0.010711 0.966548 0.000000 0.785818 0.579968 -0.214773 0.000000 -0.562867 0.814569 0.140207 0.000000 -6.441920 8.533045 -2.010373 1.000000
 1.033000
 0.101486 -0.205335 0.973416 0.000000 0.880900 0.473235 0.007985 0.000000 -0.462294 0.856672 0.228906 0.000000 -7.150378 7.363297 -1.794515 1.000000
 1.133000
 0.034124 -0.264791 0.963702 0.000000 0.871687 0.479563 0.100901 0.000000 -0.488874 0.836603 0.247179 0.000000 -8.820798 6.848660 -2.692687 1.000000
 1.233000
 0.085617 -0.195410 0.976978 0.000000 0.777220 0.626621 0.057222 0.000000 -0.623376 0.754427 0.205526 0.000000 -10.314590 6.446664 -3.407475 1.000000
 1.333000
 0.174695 -0.101888 0.979337 0.000000 0.717907 0.693893 -0.055870 0.000000 -0.673863 0.712833 0.194365 0.000000 -10.081861 6.301559 -2.448674 1.000000
 1.433000
 0.286923 0.016914 0.957805 0.000000 0.660893 0.720296 -0.210699 0.000000 -0.693467 0.693460 0.195491 0.000000 -9.201449 6.095482 -1.772812 1.000000
 1.533000
 0.386613 0.147433 0.910381 0.000000 0.591839 0.717396 -0.367517 0.000000 -0.707288 0.680886 0.190098 0.000000 -8.075837 6.115343 -2.221459 1.000000
 1.633000
 0.439546 0.282539 0.852626 0.000000 0.518482 0.695321 -0.497700 0.000000 -0.733468 0.660834 0.159134 0.000000 -7.215567 6.837178 -3.374505 1.000000
 1.733000
 0.427415 0.451469 0.783258 0.000000 0.454551 0.641591 -0.617855 0.000000 -0.781473 0.620111 0.069010 0.000000 -7.034973 8.885685 -5.342696 1.000000
 1.833000
 0.402120 0.425202 0.810866 0.000000 0.510117 0.631389 -0.584062 0.000000 -0.760316 0.648499 0.036992 0.000000 -7.050606 9.897532 -4.950179 1.000000
 1.933000
 0.350377 0.229196 0.908133 0.000000 0.649726 0.638887 -0.411922 0.000000 -0.674605 0.734366 0.074937 0.000000 -6.684780 9.401320 -3.134086 1.000000
 2.033000
 0.231013 -0.025681 0.972612 0.000000 0.795402 0.580691 -0.173590 0.000000 -0.560329 0.813718 0.154574 0.000000 -6.774644 8.226663 -2.003258 1.000000
 2.133000
 0.062243 -0.246282 0.967198 0.000000 0.891703 0.449023 0.056952 0.000000 -0.448320 0.858908 0.247559 0.000000 -7.534562 7.123837 -1.929796 1.000000
 2.133000
 0.062243 -0.246282 0.967198 0.000000 0.891703 0.449023 0.056952 0.000000 -0.448320 0.858908 0.247559 0.000000 -7.534562 7.123837 -1.929796 1.000000
