 34
 -1.066000
 0.999691 -0.024355 0.004988 0.000000 0.024355 0.999704 -0.000001 0.000000 -0.004986 0.000122 0.999988 0.000000 -6.642586 11.770788 0.114470 1.000000
 -0.966000
 0.999038 -0.018602 -0.039724 0.000000 0.034249 0.896613 0.441489 0.000000 0.027405 -0.442424 0.896387 0.000000 -5.161206 -6.637314 -3.005006 1.000000
 -0.866000
 0.999343 0.017997 -0.031457 0.000000 0.018364 0.496855 0.867640 0.000000 0.031245 -0.867647 0.496198 0.000000 -2.398901 -34.412956 -21.334129 1.000000
 -0.766000
 0.998691 -0.017936 0.047908 0.000000 -0.031664 0.518819 0.854298 0.000000 -0.040178 -0.854696 0.517572 0.000000 -4.357160 -42.685535 -20.713028 1.000000
 -0.666000
 0.994080 -0.004564 -0.108559 0.000000 0.070791 0.785163 0.615230 0.000000 0.082429 -0.619273 0.780837 0.000000 0.610932 -38.777855 -7.772111 1.000000
 -0.566000
 0.987001 -0.033642 -0.157151 0.000000 0.015250 0.993038 -0.116806 0.000000 0.159986 0.112891 0.980643 0.000000 2.944913 -7.327621 1.190399 1.000000
 -0.466000
 0.993748 -0.111630 0.001795 0.000000 0.111618 0.993033 -0.037772 0.000000 0.002434 0.037736 0.999285 0.000000 -5.859840 -7.071420 -0.069214 1.000000
 -0.366000
 0.995596 -0.093724 0.002077 0.000000 0.093742 0.995061 -0.032672 0.000000 0.000995 0.032723 0.999464 0.000000 -6.023292 -3.097587 0.007864 1.000000
 -0.266000
 0.998500 -0.054678 0.003008 0.000000 0.054730 0.998268 -0.021598 0.000000 -0.001822 0.021730 0.999763 0.000000 -6.349771 0.408426 0.112194 1.000000
 -0.166000
 0.999637 -0.026676 0.003940 0.000000 0.026728 0.999549 -0.013695 0.000000 -0.003573 0.013795 0.999898 0.000000 -6.563305 4.238897 0.178341 1.000000
 -0.066000
 0.999691 -0.024447 0.004504 0.000000 0.024476 0.999679 -0.006547 0.000000 -0.004342 0.006655 0.999969 0.000000 -6.571235 8.490673 0.134539 1.000000
 0.033000
 0.999681 -0.025180 0.001997 0.000000 0.024838 0.994322 0.103477 0.000000 -0.004591 -0.103394 0.994630 0.000000 -6.822350 8.510430 0.390952 1.000000
 0.133000
 0.997013 0.010257 -0.076558 0.000000 0.046632 0.710210 0.702444 0.000000 0.061577 -0.703916 0.707610 0.000000 -2.861966 -21.658693 -11.263963 1.000000
 0.233000
 0.999064 -0.008376 0.042442 0.000000 -0.033516 0.470432 0.881800 0.000000 -0.027352 -0.882396 0.469711 0.000000 -4.134242 -38.195034 -23.289385 1.000000
 0.333000
 0.999727 -0.006521 -0.022454 0.000000 0.022258 0.559559 0.828492 0.000000 0.007162 -0.828765 0.559551 0.000000 -2.471155 -44.421097 -18.131783 1.000000
 0.433000
 0.990745 -0.013340 -0.135078 0.000000 0.065811 0.917575 0.392079 0.000000 0.118714 -0.397340 0.909961 0.000000 2.025119 -29.772348 -1.906711 1.000000
 0.533000
 0.988149 -0.033564 -0.149783 0.000000 -0.010068 0.959529 -0.281432 0.000000 0.153167 0.279604 0.947819 0.000000 2.050717 0.223035 -0.293851 1.000000
 0.633000
 0.993985 -0.109506 0.001824 0.000000 0.109498 0.993292 -0.037166 0.000000 0.002258 0.037142 0.999308 0.000000 -5.880556 -5.657158 -0.050566 1.000000
 0.733000
 0.996663 -0.081598 0.002320 0.000000 0.081631 0.996234 -0.029226 0.000000 0.000074 0.029318 0.999570 0.000000 -6.128423 -1.913317 0.043783 1.000000
 0.833000
 0.999090 -0.042523 0.003386 0.000000 0.042577 0.998928 -0.018163 0.000000 -0.002610 0.018291 0.999829 0.000000 -6.444465 1.608367 0.141960 1.000000
 0.933000
 0.999691 -0.024541 0.004021 0.000000 0.024591 0.999612 -0.013094 0.000000 -0.003698 0.013188 0.999906 0.000000 -6.579127 5.710634 0.185286 1.000000
 1.033000
 0.999691 -0.024381 0.004846 0.000000 0.024391 0.999701 -0.001918 0.000000 -0.004798 0.002035 0.999987 0.000000 -6.588448 9.964519 0.101087 1.000000
 1.133000
 0.999670 -0.025688 -0.001063 0.000000 0.025357 0.978258 0.205839 0.000000 -0.004248 -0.205798 0.978585 0.000000 -7.086691 5.605592 0.132063 1.000000
 1.233000
 0.996241 0.030091 -0.081237 0.000000 0.050868 0.555864 0.829716 0.000000 0.070124 -0.830728 0.552244 0.000000 -1.608414 -30.163744 -18.321312 1.000000
 1.333000
 0.996399 -0.023672 0.081411 0.000000 -0.059610 0.487225 0.871240 0.000000 -0.060289 -0.872956 0.484060 0.000000 -5.180303 -40.688435 -22.789211 1.000000
 1.433000
 0.996955 -0.001769 -0.077959 0.000000 0.060513 0.648097 0.759150 0.000000 0.049182 -0.761556 0.646231 0.000000 -0.749556 -43.654457 -13.863708 1.000000
 1.533000
 0.988038 -0.024932 -0.152180 0.000000 0.044492 0.990967 0.126515 0.000000 0.147651 -0.131772 0.980222 0.000000 2.936665 -18.249924 1.240383 1.000000
 1.633000
 0.995462 -0.069488 -0.065013 0.000000 0.055181 0.978131 -0.200537 0.000000 0.077526 0.196040 0.977527 0.000000 -2.090632 -2.063713 0.094202 1.000000
 1.733000
 0.994644 -0.103338 0.001914 0.000000 0.103341 0.994016 -0.035409 0.000000 0.001756 0.035417 0.999371 0.000000 -5.937243 -4.338499 -0.024602 1.000000
 1.833000
 0.997672 -0.068144 0.002638 0.000000 0.068189 0.997349 -0.025411 0.000000 -0.000900 0.025531 0.999674 0.000000 -6.241067 -0.754781 0.078744 1.000000
 1.933000
 0.999453 -0.032873 0.003715 0.000000 0.032927 0.999339 -0.015441 0.000000 -0.003205 0.015555 0.999874 0.000000 -6.517373 2.877701 0.163568 1.000000
 2.033000
 0.999691 -0.024513 0.004162 0.000000 0.024558 0.999636 -0.011176 0.000000 -0.003887 0.011275 0.999929 0.000000 -6.588985 7.206845 0.182250 1.000000
 2.133000
 0.999691 -0.024357 0.004987 0.000000 0.024358 0.999704 0.000000 0.000000 -0.004986 0.000121 0.999988 0.000000 -6.642922 11.765102 0.124864 1.000000
 2.133000
 0.999691 -0.024357 0.004987 0.000000 0.024358 0.999704 0.000000 0.000000 -0.004986 0.000121 0.999988 0.000000 -6.642922 11.765102 0.124864 1.000000
