 34
 -1.066000
 0.991210 -0.123657 0.047033 0.000000 0.120012 0.990032 0.073715 0.000000 -0.055679 -0.067422 0.996170 0.000000 -0.582273 -1.892258 -1.180495 1.000000
 -0.966000
 0.993420 -0.088032 0.073255 0.000000 0.075740 0.984797 0.156328 0.000000 -0.085903 -0.149751 0.984985 0.000000 -1.481370 -1.882931 -2.123915 1.000000
 -0.866000
 0.995258 -0.047892 0.084665 0.000000 0.030574 0.980303 0.195117 0.000000 -0.092341 -0.191603 0.977119 0.000000 -1.523034 -1.740232 -1.942809 1.000000
 -0.766000
 0.998399 0.001896 0.056541 0.000000 -0.010816 0.987398 0.157888 0.000000 -0.055530 -0.158247 0.985837 0.000000 -1.071959 -1.652441 -0.938399 1.000000
 -0.666000
 0.997886 0.064378 0.008915 0.000000 -0.064969 0.991790 0.110140 0.000000 -0.001751 -0.110486 0.993876 0.000000 -0.415976 -1.814142 -0.666260 1.000000
 -0.566000
 0.992694 0.115304 -0.035543 0.000000 -0.112318 0.990692 0.076892 0.000000 0.044078 -0.072338 0.996405 0.000000 0.334920 -1.921172 -1.020505 1.000000
 -0.466000
 0.990466 0.117727 -0.071540 0.000000 -0.109490 0.987902 0.109825 0.000000 0.083604 -0.100945 0.991373 0.000000 1.278552 -1.911546 -1.751477 1.000000
 -0.366000
 0.992891 0.068263 -0.097505 0.000000 -0.048266 0.979731 0.194417 0.000000 0.108800 -0.188329 0.976061 0.000000 1.661027 -1.872776 -2.197728 1.000000
 -0.266000
 0.996757 0.015668 -0.078936 0.000000 -0.001822 0.985007 0.172503 0.000000 0.080455 -0.171799 0.981841 0.000000 1.303982 -1.638650 -1.432564 1.000000
 -0.166000
 0.998565 -0.043894 -0.030682 0.000000 0.047424 0.990915 0.125851 0.000000 0.024879 -0.127126 0.991574 0.000000 0.753214 -1.750667 -0.674284 1.000000
 -0.066000
 0.994586 -0.101778 0.020961 0.000000 0.099665 0.991400 0.084808 0.000000 -0.029413 -0.082260 0.996177 0.000000 -0.012580 -1.890578 -0.825041 1.000000
 0.033000
 0.990516 -0.124619 0.057866 0.000000 0.119557 0.989270 0.083975 0.000000 -0.067710 -0.076260 0.994786 0.000000 -0.910028 -1.883658 -1.430039 1.000000
 0.133000
 0.992449 -0.088435 0.084997 0.000000 0.072615 0.982078 0.173927 0.000000 -0.098854 -0.166442 0.981084 0.000000 -1.692521 -1.907761 -2.238877 1.000000
 0.233000
 0.996310 -0.033225 0.079140 0.000000 0.018035 0.982491 0.185436 0.000000 -0.083915 -0.183325 0.979464 0.000000 -1.407336 -1.662130 -1.608989 1.000000
 0.333000
 0.998891 0.022204 0.041521 0.000000 -0.027895 0.989482 0.141942 0.000000 -0.037932 -0.142943 0.989004 0.000000 -0.869144 -1.695992 -0.734530 1.000000
 0.433000
 0.996420 0.084242 -0.007091 0.000000 -0.083174 0.991886 0.096146 0.000000 0.015133 -0.095212 0.995342 0.000000 -0.169553 -1.867113 -0.744299 1.000000
 0.533000
 0.991210 0.123657 -0.047033 0.000000 -0.120012 0.990032 0.073714 0.000000 0.055679 -0.067422 0.996170 0.000000 0.583666 -1.911782 -1.173067 1.000000
 0.633000
 0.990970 0.104813 -0.083619 0.000000 -0.092201 0.985479 0.142585 0.000000 0.097350 -0.133588 0.986244 0.000000 1.589401 -1.922033 -2.069335 1.000000
 0.733000
 0.994171 0.048929 -0.096077 0.000000 -0.029250 0.980077 0.196452 0.000000 0.103775 -0.192496 0.975795 0.000000 1.557177 -1.768573 -2.024187 1.000000
 0.833000
 0.997890 -0.002874 -0.064861 0.000000 0.013103 0.987377 0.157842 0.000000 0.063589 -0.158359 0.985332 0.000000 1.137918 -1.653601 -1.119803 1.000000
 0.933000
 0.997821 -0.064745 -0.012669 0.000000 0.065750 0.991722 0.110292 0.000000 0.005423 -0.110885 0.993819 0.000000 0.530269 -1.807694 -0.622467 1.000000
 1.033000
 0.992702 -0.115333 0.035242 0.000000 0.112367 0.990685 0.076926 0.000000 -0.043786 -0.072404 0.996414 0.000000 -0.301493 -1.903627 -1.003367 1.000000
 1.133000
 0.990628 -0.118003 0.068781 0.000000 0.110039 0.987832 0.109912 0.000000 -0.080914 -0.101313 0.991559 0.000000 -1.277233 -1.895501 -1.772001 1.000000
 1.233000
 0.993736 -0.069294 0.087678 0.000000 0.051115 0.979510 0.194799 0.000000 -0.099379 -0.189097 0.976917 0.000000 -1.647365 -1.867321 -2.176108 1.000000
 1.333000
 0.997445 -0.016817 0.069438 0.000000 0.004585 0.984968 0.172675 0.000000 -0.071298 -0.171916 0.982528 0.000000 -1.256635 -1.636382 -1.251840 1.000000
 1.433000
 0.998739 0.043337 0.025359 0.000000 -0.046193 0.990990 0.125721 0.000000 -0.019682 -0.126734 0.991742 0.000000 -0.651339 -1.753800 -0.656687 1.000000
 1.533000
 0.994572 0.101678 -0.022074 0.000000 -0.099476 0.991427 0.084722 0.000000 0.030499 -0.082067 0.996160 0.000000 0.082345 -1.904796 -0.869875 1.000000
 1.633000
 0.990479 0.124542 -0.058653 0.000000 -0.119420 0.989287 0.083960 0.000000 0.068482 -0.076156 0.994741 0.000000 0.900966 -1.902654 -1.411110 1.000000
 1.733000
 0.991814 0.087637 -0.092868 0.000000 -0.070538 0.982284 0.173618 0.000000 0.106438 -0.165646 0.980425 0.000000 1.710097 -1.916000 -2.231113 1.000000
 1.833000
 0.995480 0.032028 -0.089413 0.000000 -0.014792 0.982220 0.187151 0.000000 0.093817 -0.184982 0.978254 0.000000 1.437030 -1.677665 -1.752549 1.000000
 1.933000
 0.998566 -0.014738 -0.051467 0.000000 0.022595 0.987564 0.155584 0.000000 0.048534 -0.156524 0.986481 0.000000 1.006741 -1.704053 -0.887867 1.000000
 2.033000
 0.997736 -0.067244 -0.000380 0.000000 0.066853 0.991294 0.113433 0.000000 -0.007251 -0.113202 0.993545 0.000000 0.343120 -1.825489 -0.735688 1.000000
 2.133000
 0.991210 -0.123657 0.047033 0.000000 0.120012 0.990032 0.073715 0.000000 -0.055679 -0.067422 0.996170 0.000000 -0.582273 -1.892259 -1.180495 1.000000
 2.133000
 0.991210 -0.123657 0.047033 0.000000 0.120012 0.990032 0.073715 0.000000 -0.055679 -0.067422 0.996170 0.000000 -0.582273 -1.892259 -1.180495 1.000000
