 34
 -1.066000
 -0.587987 -0.676763 -0.443017 0.000000 -0.551929 0.736066 -0.391894 0.000000 0.591309 0.014085 -0.806322 0.000000 30.773756 11.302201 -22.600969 1.000000
 -0.966000
 -0.658588 -0.663766 -0.354509 0.000000 -0.313897 0.670487 -0.672247 0.000000 0.683909 -0.331454 -0.649929 0.000000 32.640526 5.309964 -22.421345 1.000000
 -0.866000
 -0.698036 -0.650777 -0.298724 0.000000 -0.198751 0.576867 -0.792290 0.000000 0.687928 -0.493675 -0.532016 0.000000 33.186306 3.028536 -21.523819 1.000000
 -0.766000
 -0.673362 -0.688841 -0.268482 0.000000 -0.383493 0.635913 -0.669738 0.000000 0.632073 -0.348015 -0.692365 0.000000 31.497496 8.435942 -24.687288 1.000000
 -0.666000
 -0.594412 -0.764017 -0.250902 0.000000 -0.655115 0.641014 -0.399907 0.000000 0.466368 -0.073340 -0.881545 0.000000 26.295240 17.254278 -28.605961 1.000000
 -0.566000
 -0.516714 -0.811492 -0.272923 0.000000 -0.825355 0.556875 -0.093167 0.000000 0.227588 0.177118 -0.957514 0.000000 19.844538 24.455379 -29.874866 1.000000
 -0.466000
 -0.616176 -0.720659 -0.317771 0.000000 -0.783269 0.602991 0.151306 0.000000 0.082573 0.342131 -0.936018 0.000000 20.215124 25.411581 -29.463253 1.000000
 -0.366000
 -0.816208 -0.440528 -0.373817 0.000000 -0.558258 0.768014 0.313851 0.000000 0.148837 0.464854 -0.872788 0.000000 26.886492 19.558065 -28.060863 1.000000
 -0.266000
 -0.804371 -0.393856 -0.444821 0.000000 -0.529473 0.814851 0.235957 0.000000 0.269530 0.425317 -0.863979 0.000000 29.348173 16.344948 -25.471212 1.000000
 -0.166000
 -0.713096 -0.491672 -0.499752 0.000000 -0.579430 0.814628 0.025331 0.000000 0.394658 0.307635 -0.865798 0.000000 30.223738 14.657088 -22.949980 1.000000
 -0.066000
 -0.617984 -0.620110 -0.483281 0.000000 -0.590483 0.771946 -0.235436 0.000000 0.519063 0.139874 -0.843214 0.000000 30.461866 12.936231 -22.371386 1.000000
 0.033000
 -0.593853 -0.688096 -0.416970 0.000000 -0.502474 0.721939 -0.475735 0.000000 0.628378 -0.073000 -0.774476 0.000000 31.226877 9.873821 -22.705906 1.000000
 0.133000
 -0.670307 -0.665199 -0.328937 0.000000 -0.253371 0.621776 -0.741080 0.000000 0.697490 -0.413408 -0.585323 0.000000 32.924450 3.821668 -21.865953 1.000000
 0.233000
 -0.695948 -0.657038 -0.289754 0.000000 -0.238746 0.592262 -0.769562 0.000000 0.677242 -0.466398 -0.569049 0.000000 32.924767 4.229664 -22.243277 1.000000
 0.333000
 -0.652314 -0.712308 -0.259043 0.000000 -0.474577 0.650323 -0.593175 0.000000 0.590985 -0.264001 -0.762260 0.000000 30.170418 11.215779 -26.130598 1.000000
 0.433000
 -0.562802 -0.786536 -0.254196 0.000000 -0.729946 0.617212 -0.293648 0.000000 0.387857 0.020283 -0.921497 0.000000 23.996777 20.087690 -29.366030 1.000000
 0.533000
 -0.512951 -0.809884 -0.284554 0.000000 -0.843128 0.537616 -0.010273 0.000000 0.161300 0.234645 -0.958605 0.000000 18.575575 25.745480 -29.798052 1.000000
 0.633000
 -0.699339 -0.631139 -0.335543 0.000000 -0.710146 0.666912 0.225658 0.000000 0.081356 0.396095 -0.914598 0.000000 22.559875 23.859678 -29.205202 1.000000
 0.733000
 -0.830075 -0.392947 -0.395688 0.000000 -0.523834 0.792775 0.311618 0.000000 0.191242 0.465941 -0.863902 0.000000 28.102007 18.004196 -27.289356 1.000000
 0.833000
 -0.778778 -0.416857 -0.468759 0.000000 -0.545017 0.819615 0.176604 0.000000 0.310584 0.393017 -0.865492 0.000000 29.752441 15.713682 -24.498800 1.000000
 0.933000
 -0.678109 -0.536043 -0.502819 0.000000 -0.590952 0.804427 -0.060613 0.000000 0.436972 0.256039 -0.862264 0.000000 30.336956 14.142908 -22.530537 1.000000
 1.033000
 -0.598168 -0.653223 -0.464214 0.000000 -0.576172 0.753179 -0.317409 0.000000 0.556975 0.077604 -0.826896 0.000000 30.575104 12.182353 -22.485256 1.000000
 1.133000
 -0.615400 -0.687561 -0.385412 0.000000 -0.423563 0.700838 -0.573952 0.000000 0.664738 -0.189964 -0.722521 0.000000 31.879278 7.810921 -22.683628 1.000000
 1.233000
 -0.689927 -0.654032 -0.310232 0.000000 -0.202287 0.585691 -0.784886 0.000000 0.695041 -0.478758 -0.536386 0.000000 33.179489 2.824311 -21.419910 1.000000
 1.333000
 -0.687856 -0.669974 -0.279266 0.000000 -0.302452 0.614311 -0.728797 0.000000 0.659831 -0.416843 -0.625192 0.000000 32.390972 6.062982 -23.343103 1.000000
 1.433000
 -0.625362 -0.738282 -0.252712 0.000000 -0.567741 0.652645 -0.501723 0.000000 0.535344 -0.170283 -0.827291 0.000000 28.407791 14.225237 -27.497482 1.000000
 1.533000
 -0.535123 -0.803098 -0.262064 0.000000 -0.787487 0.586517 -0.189376 0.000000 0.305792 0.105033 -0.946288 0.000000 21.751217 22.535954 -29.768003 1.000000
 1.633000
 -0.545281 -0.782844 -0.299705 0.000000 -0.830820 0.552230 0.069137 0.000000 0.111383 0.286700 -0.951524 0.000000 18.656054 26.099464 -29.644012 1.000000
 1.733000
 -0.770981 -0.529632 -0.353664 0.000000 -0.627831 0.725253 0.282553 0.000000 0.106847 0.439885 -0.891676 0.000000 24.953646 21.737843 -28.745819 1.000000
 1.833000
 -0.823262 -0.384005 -0.418067 0.000000 -0.519161 0.807194 0.280910 0.000000 0.229591 0.448307 -0.863892 0.000000 28.807983 17.058981 -26.479300 1.000000
 1.933000
 -0.760480 -0.440201 -0.477382 0.000000 -0.545046 0.832329 0.100767 0.000000 0.352981 0.336827 -0.872899 0.000000 30.198174 14.860251 -24.009451 1.000000
 2.033000
 -0.667223 -0.564138 -0.486377 0.000000 -0.569945 0.807076 -0.154246 0.000000 0.479559 0.174291 -0.860027 0.000000 30.721107 13.177463 -22.771732 1.000000
 2.133000
 -0.587987 -0.676763 -0.443017 0.000000 -0.551928 0.736066 -0.391894 0.000000 0.591309 0.014085 -0.806322 0.000000 30.773750 11.302195 -22.600971 1.000000
 2.133000
 -0.587987 -0.676763 -0.443017 0.000000 -0.551928 0.736066 -0.391894 0.000000 0.591309 0.014085 -0.806322 0.000000 30.773750 11.302195 -22.600971 1.000000
