 34
 -1.066000
 -0.812666 -0.179746 0.554315 0.000000 -0.446309 0.803602 -0.393740 0.000000 -0.374676 -0.567375 -0.733283 0.000000 26.782902 -7.156285 -47.351429 1.000000
 -0.966000
 -0.900208 0.139722 0.412435 0.000000 -0.196586 0.714724 -0.671210 0.000000 -0.388560 -0.685308 -0.615933 0.000000 28.032383 -18.693317 -41.704353 1.000000
 -0.866000
 -0.906508 0.285921 0.310633 0.000000 -0.077864 0.609923 -0.788627 0.000000 -0.414946 -0.739083 -0.530638 0.000000 27.435976 -23.294312 -37.120930 1.000000
 -0.766000
 -0.864119 0.142827 0.482597 0.000000 -0.267418 0.682030 -0.680678 0.000000 -0.426365 -0.717242 -0.551160 0.000000 25.726677 -16.443214 -42.490444 1.000000
 -0.666000
 -0.708957 -0.138729 0.691473 0.000000 -0.556105 0.712959 -0.427126 0.000000 -0.433738 -0.687345 -0.582605 0.000000 20.146301 -4.811235 -49.689850 1.000000
 -0.566000
 -0.476240 -0.396792 0.784698 0.000000 -0.748815 0.650814 -0.125371 0.000000 -0.460946 -0.647300 -0.607068 0.000000 11.847516 5.648761 -53.360729 1.000000
 -0.466000
 -0.372407 -0.513546 0.773036 0.000000 -0.705828 0.697557 0.123374 0.000000 -0.602594 -0.499685 -0.622250 0.000000 7.066617 11.731924 -54.145454 1.000000
 -0.366000
 -0.482553 -0.512204 0.710486 0.000000 -0.456885 0.839276 0.294741 0.000000 -0.747262 -0.182382 -0.639013 0.000000 9.346255 14.956434 -53.366848 1.000000
 -0.266000
 -0.587761 -0.454279 0.669454 0.000000 -0.421760 0.878186 0.225627 0.000000 -0.690403 -0.149734 -0.707760 0.000000 14.157352 12.183261 -52.325394 1.000000
 -0.166000
 -0.676776 -0.379472 0.630854 0.000000 -0.472970 0.880793 0.022417 0.000000 -0.564158 -0.283204 -0.775578 0.000000 19.641609 5.931537 -50.898338 1.000000
 -0.066000
 -0.759908 -0.273130 0.589864 0.000000 -0.486040 0.841301 -0.236598 0.000000 -0.431631 -0.466490 -0.772064 0.000000 24.509401 -1.940035 -49.063938 1.000000
 0.033000
 -0.844321 -0.104164 0.525616 0.000000 -0.394211 0.785147 -0.477643 0.000000 -0.362932 -0.610487 -0.703979 0.000000 27.644037 -10.363087 -46.090904 1.000000
 0.133000
 -0.910995 0.210612 0.354586 0.000000 -0.134400 0.661232 -0.738045 0.000000 -0.389904 -0.720011 -0.574072 0.000000 28.147404 -21.557354 -39.253098 1.000000
 0.233000
 -0.899791 0.259860 0.350499 0.000000 -0.118461 0.627638 -0.769440 0.000000 -0.419933 -0.733855 -0.533959 0.000000 27.110416 -21.807756 -38.289242 1.000000
 0.333000
 -0.827474 0.057812 0.558521 0.000000 -0.362704 0.704290 -0.610263 0.000000 -0.428641 -0.707554 -0.561813 0.000000 24.383812 -12.836640 -45.030941 1.000000
 0.433000
 -0.632160 -0.236127 0.737982 0.000000 -0.638825 0.697829 -0.323942 0.000000 -0.438494 -0.676225 -0.591983 0.000000 17.428389 -0.895642 -51.406521 1.000000
 0.533000
 -0.415018 -0.451631 0.789803 0.000000 -0.771152 0.635267 -0.041955 0.000000 -0.482788 -0.626471 -0.611924 0.000000 9.556359 8.010169 -53.742577 1.000000
 0.633000
 -0.393468 -0.525724 0.754186 0.000000 -0.624462 0.754900 0.200433 0.000000 -0.674708 -0.392096 -0.625324 0.000000 7.121205 13.317846 -54.099873 1.000000
 0.733000
 -0.523490 -0.493923 0.694261 0.000000 -0.418496 0.858822 0.295442 0.000000 -0.742172 -0.135884 -0.656290 0.000000 10.881166 14.607455 -53.001842 1.000000
 0.833000
 -0.618423 -0.431907 0.656513 0.000000 -0.437256 0.883277 0.169204 0.000000 -0.652963 -0.182424 -0.735093 0.000000 15.959948 10.390474 -51.896935 1.000000
 0.933000
 -0.704887 -0.348200 0.617974 0.000000 -0.485399 0.872071 -0.062295 0.000000 -0.517225 -0.343875 -0.783727 0.000000 21.410645 3.395099 -50.351982 1.000000
 1.033000
 -0.786738 -0.228795 0.573321 0.000000 -0.471501 0.822184 -0.318907 0.000000 -0.398411 -0.521218 -0.754720 0.000000 25.767128 -4.596309 -48.264843 1.000000
 1.133000
 -0.877951 0.002715 0.478742 0.000000 -0.311254 0.756564 -0.575092 0.000000 -0.363761 -0.653913 -0.663382 0.000000 28.237888 -14.404447 -44.188160 1.000000
 1.233000
 -0.910604 0.271769 0.311357 0.000000 -0.081778 0.619995 -0.780333 0.000000 -0.405110 -0.736036 -0.542345 0.000000 27.767681 -23.338762 -37.402203 1.000000
 1.333000
 -0.887041 0.211377 0.410461 0.000000 -0.183662 0.654113 -0.733761 0.000000 -0.423588 -0.726262 -0.541403 0.000000 26.590900 -19.486240 -40.160480 1.000000
 1.433000
 -0.775410 -0.038309 0.630296 0.000000 -0.461630 0.715454 -0.524428 0.000000 -0.430857 -0.697610 -0.572455 0.000000 22.508902 -8.876523 -47.515976 1.000000
 1.533000
 -0.551738 -0.323846 0.768576 0.000000 -0.704200 0.674648 -0.221256 0.000000 -0.446865 -0.663307 -0.600281 0.000000 14.571212 2.646257 -52.616974 1.000000
 1.633000
 -0.378818 -0.489027 0.785716 0.000000 -0.758722 0.650252 0.038911 0.000000 -0.529942 -0.581400 -0.617362 0.000000 7.916444 9.939707 -53.990467 1.000000
 1.733000
 -0.434382 -0.524749 0.732087 0.000000 -0.533475 0.804764 0.260307 0.000000 -0.725753 -0.277477 -0.629515 0.000000 7.969627 14.476151 -53.806522 1.000000
 1.833000
 -0.556282 -0.472931 0.683292 0.000000 -0.412100 0.871027 0.267370 0.000000 -0.721613 -0.132851 -0.679431 0.000000 12.419903 13.562963 -52.717373 1.000000
 1.933000
 -0.651381 -0.386652 0.652843 0.000000 -0.436491 0.894742 0.094405 0.000000 -0.620627 -0.223466 -0.751588 0.000000 17.612921 7.939108 -51.630753 1.000000
 2.033000
 -0.738562 -0.281853 0.612442 0.000000 -0.462958 0.872400 -0.156806 0.000000 -0.490098 -0.399346 -0.774807 0.000000 22.778629 0.282980 -49.972397 1.000000
 2.133000
 -0.812666 -0.179746 0.554315 0.000000 -0.446309 0.803602 -0.393740 0.000000 -0.374676 -0.567375 -0.733283 0.000000 26.782900 -7.156289 -47.351429 1.000000
 2.133000
 -0.812666 -0.179746 0.554315 0.000000 -0.446309 0.803602 -0.393740 0.000000 -0.374676 -0.567375 -0.733283 0.000000 26.782900 -7.156289 -47.351429 1.000000
