m_aniFrameList.size 34
aniFrame
  m_time -1.066000
  m_vertexTransformMat 0.983925 -0.027924 0.176387 0.000000 -0.021929 0.961333 0.274513 0.000000 -0.177232 -0.273968 0.945267 0.000000 -0.016930 -0.724488 -2.484096 1.000000
aniFrame
  m_time -0.966000
  m_vertexTransformMat 0.966866 0.197776 0.161415 0.000000 -0.232031 0.944486 0.232610 0.000000 -0.106450 -0.262356 0.959082 0.000000 0.736369 -0.237143 -2.899449 1.000000
aniFrame
  m_time -0.866000
  m_vertexTransformMat 0.942775 0.210936 0.258226 0.000000 -0.271570 0.935111 0.227634 0.000000 -0.193454 -0.284735 0.938884 0.000000 1.224414 0.161234 -2.472291 1.000000
aniFrame
  m_time -0.766000
  m_vertexTransformMat 0.943329 0.150336 0.295854 0.000000 -0.228530 0.940717 0.250650 0.000000 -0.240634 -0.304057 0.921762 0.000000 1.196787 0.084622 -1.727639 1.000000
aniFrame
  m_time -0.666000
  m_vertexTransformMat 0.973031 0.173439 0.152087 0.000000 -0.210160 0.938342 0.274495 0.000000 -0.095101 -0.299055 0.949485 0.000000 0.921448 -0.274311 -1.845106 1.000000
aniFrame
  m_time -0.566000
  m_vertexTransformMat 0.963114 0.266250 0.039007 0.000000 -0.265338 0.915516 0.302368 0.000000 0.044794 -0.301565 0.952393 0.000000 1.208543 -0.352928 -2.459417 1.000000
aniFrame
  m_time -0.466000
  m_vertexTransformMat 0.935845 0.308506 -0.170345 0.000000 -0.237412 0.909137 0.342209 0.000000 0.260441 -0.279813 0.924054 0.000000 1.297928 -0.227660 -3.258246 1.000000
aniFrame
  m_time -0.366000
  m_vertexTransformMat 0.907698 0.306254 -0.286868 0.000000 -0.187653 0.907714 0.375290 0.000000 0.375328 -0.286818 0.881399 0.000000 1.156983 0.164687 -3.544859 1.000000
aniFrame
  m_time -0.266000
  m_vertexTransformMat 0.956669 0.260616 -0.129861 0.000000 -0.202506 0.915966 0.346407 0.000000 0.209227 -0.305100 0.929052 0.000000 1.507467 0.310714 -2.751765 1.000000
aniFrame
  m_time -0.166000
  m_vertexTransformMat 0.977248 0.205602 0.052090 0.000000 -0.211696 0.930393 0.299257 0.000000 0.013063 -0.303475 0.952750 0.000000 1.708733 -0.091864 -1.940983 1.000000
aniFrame
  m_time -0.066000
  m_vertexTransformMat 0.986614 0.052059 0.154543 0.000000 -0.093871 0.956226 0.277166 0.000000 -0.133349 -0.287963 0.948312 0.000000 0.753297 -0.611213 -2.112696 1.000000
aniFrame
  m_time 0.033000
  m_vertexTransformMat 0.984279 0.015349 0.175954 0.000000 -0.062049 0.962768 0.263112 0.000000 -0.165364 -0.269893 0.948585 0.000000 0.032370 -0.683236 -2.635847 1.000000
aniFrame
  m_time 0.133000
  m_vertexTransformMat 0.955879 0.238920 0.170920 0.000000 -0.273423 0.936330 0.220287 0.000000 -0.107406 -0.257301 0.960344 0.000000 0.920792 -0.145657 -2.868043 1.000000
aniFrame
  m_time 0.233000
  m_vertexTransformMat 0.937523 0.175874 0.300197 0.000000 -0.251632 0.938621 0.235951 0.000000 -0.240273 -0.296749 0.924234 0.000000 1.241109 0.191418 -2.196454 1.000000
aniFrame
  m_time 0.333000
  m_vertexTransformMat 0.955406 0.152105 0.253107 0.000000 -0.218435 0.940813 0.259147 0.000000 -0.198709 -0.302878 0.932084 0.000000 1.086830 -0.029983 -1.663241 1.000000
aniFrame
  m_time 0.433000
  m_vertexTransformMat 0.973545 0.198296 0.113527 0.000000 -0.222945 0.933194 0.281859 0.000000 -0.050052 -0.299713 0.952716 0.000000 0.975508 -0.346096 -2.018928 1.000000
aniFrame
  m_time 0.533000
  m_vertexTransformMat 0.956882 0.290348 -0.008620 0.000000 -0.273175 0.909581 0.313110 0.000000 0.098751 -0.297254 0.949678 0.000000 1.279235 -0.328955 -2.668907 1.000000
aniFrame
  m_time 0.633000
  m_vertexTransformMat 0.917254 0.310469 -0.249510 0.000000 -0.210620 0.909759 0.357740 0.000000 0.338061 -0.275587 0.899870 0.000000 1.260632 -0.125179 -3.525653 1.000000
aniFrame
  m_time 0.733000
  m_vertexTransformMat 0.923293 0.295031 -0.245940 0.000000 -0.191488 0.908627 0.371120 0.000000 0.332960 -0.295558 0.895424 0.000000 1.244615 0.293968 -3.353874 1.000000
aniFrame
  m_time 0.833000
  m_vertexTransformMat 0.967110 0.243690 -0.072890 0.000000 -0.206895 0.920352 0.331883 0.000000 0.147961 -0.305887 0.940500 0.000000 1.591572 0.211083 -2.429144 1.000000
aniFrame
  m_time 0.933000
  m_vertexTransformMat 0.979226 0.176093 0.100540 0.000000 -0.197931 0.937784 0.285281 0.000000 -0.044049 -0.299254 0.953156 0.000000 1.615314 -0.272780 -1.870108 1.000000
aniFrame
  m_time 1.033000
  m_vertexTransformMat 0.985770 -0.007767 0.167920 0.000000 -0.039752 0.959827 0.277762 0.000000 -0.163331 -0.280484 0.945860 0.000000 0.255399 -0.699223 -2.317824 1.000000
aniFrame
  m_time 1.133000
  m_vertexTransformMat 0.980779 0.100488 0.167255 0.000000 -0.140234 0.959038 0.246131 0.000000 -0.135671 -0.264855 0.954696 0.000000 0.285098 -0.557963 -2.795389 1.000000
aniFrame
  m_time 1.233000
  m_vertexTransformMat 0.948510 0.238874 0.208010 0.000000 -0.283570 0.932987 0.221639 0.000000 -0.141127 -0.269212 0.952685 0.000000 1.115861 0.022558 -2.710378 1.000000
aniFrame
  m_time 1.333000
  m_vertexTransformMat 0.936159 0.154508 0.315806 0.000000 -0.237389 0.940367 0.243632 0.000000 -0.259330 -0.303047 0.917012 0.000000 1.239851 0.162420 -1.925989 1.000000
aniFrame
  m_time 1.433000
  m_vertexTransformMat 0.966566 0.159694 0.200621 0.000000 -0.210853 0.940220 0.267448 0.000000 -0.145918 -0.300807 0.942456 0.000000 0.971318 -0.157511 -1.721389 1.000000
aniFrame
  m_time 1.533000
  m_vertexTransformMat 0.969504 0.232416 0.077746 0.000000 -0.245040 0.924677 0.291427 0.000000 -0.004158 -0.301590 0.953429 0.000000 1.089889 -0.366041 -2.232459 1.000000
aniFrame
  m_time 1.633000
  m_vertexTransformMat 0.949690 0.302584 -0.080820 0.000000 -0.261681 0.908406 0.326071 0.000000 0.172081 -0.288517 0.941884 0.000000 1.300856 -0.294069 -2.932639 1.000000
aniFrame
  m_time 1.733000
  m_vertexTransformMat 0.904451 0.310412 -0.292597 0.000000 -0.192294 0.908956 0.369896 0.000000 0.380778 -0.278288 0.881796 0.000000 1.183319 0.012296 -3.625182 1.000000
aniFrame
  m_time 1.833000
  m_vertexTransformMat 0.942002 0.278775 -0.186863 0.000000 -0.198311 0.911554 0.360200 0.000000 0.270750 -0.302251 0.913969 0.000000 1.391377 0.348396 -3.076356 1.000000
aniFrame
  m_time 1.933000
  m_vertexTransformMat 0.974001 0.226443 -0.006756 0.000000 -0.212429 0.923271 0.320072 0.000000 0.078715 -0.310315 0.947369 0.000000 1.712678 0.136432 -2.158759 1.000000
aniFrame
  m_time 2.033000
  m_vertexTransformMat 0.982109 0.132840 0.133471 0.000000 -0.166250 0.944531 0.283234 0.000000 -0.088443 -0.300356 0.949718 0.000000 1.377297 -0.319710 -1.962606 1.000000
aniFrame
  m_time 2.133000
  m_vertexTransformMat 0.983925 -0.027924 0.176387 0.000000 -0.021929 0.961333 0.274513 0.000000 -0.177232 -0.273968 0.945267 0.000000 -0.016930 -0.724491 -2.484097 1.000000
aniFrame
  m_time 2.133000
  m_vertexTransformMat 0.983925 -0.027924 0.176387 0.000000 -0.021929 0.961333 0.274513 0.000000 -0.177232 -0.273968 0.945267 0.000000 -0.016930 -0.724491 -2.484097 1.000000
