m_aniFrameList.size 34
aniFrame
  m_time -1.066000
  m_vertexTransformMat 0.229958 0.076718 -0.970172 0.000000 -0.641210 0.761862 -0.091739 0.000000 0.732100 0.643180 0.224388 0.000000 10.273667 2.272315 -1.544064 1.000000
aniFrame
  m_time -0.966000
  m_vertexTransformMat 0.219049 -0.041261 -0.974841 0.000000 -0.586416 0.792958 -0.165331 0.000000 0.779830 0.607878 0.149501 0.000000 9.987170 3.531309 -2.670927 1.000000
aniFrame
  m_time -0.866000
  m_vertexTransformMat 0.189917 -0.084172 -0.978186 0.000000 -0.581691 0.792978 -0.181172 0.000000 0.790928 0.603409 0.101638 0.000000 10.213736 4.591444 -2.716331 1.000000
aniFrame
  m_time -0.766000
  m_vertexTransformMat 0.118127 0.043352 -0.992052 0.000000 -0.691976 0.720122 -0.050927 0.000000 0.712191 0.692492 0.115064 0.000000 10.237123 5.169738 -1.982772 1.000000
aniFrame
  m_time -0.666000
  m_vertexTransformMat 0.002105 0.216831 -0.976207 0.000000 -0.809142 0.573999 0.125750 0.000000 0.587609 0.789626 0.176655 0.000000 10.110821 5.415111 -1.883657 1.000000
aniFrame
  m_time -0.566000
  m_vertexTransformMat -0.109792 0.343132 -0.932848 0.000000 -0.866844 0.426162 0.258779 0.000000 0.486340 0.837046 0.250653 0.000000 10.181113 5.474663 -2.300195 1.000000
aniFrame
  m_time -0.466000
  m_vertexTransformMat -0.116941 0.366230 -0.923147 0.000000 -0.854063 0.437303 0.281676 0.000000 0.506853 0.821366 0.261646 0.000000 10.993177 5.454068 -3.143024 1.000000
aniFrame
  m_time -0.366000
  m_vertexTransformMat -0.014181 0.292857 -0.956051 0.000000 -0.772789 0.603530 0.196336 0.000000 0.634504 0.741611 0.217758 0.000000 11.763069 5.106680 -3.616717 1.000000
aniFrame
  m_time -0.266000
  m_vertexTransformMat 0.061737 0.233581 -0.970376 0.000000 -0.725815 0.677868 0.116994 0.000000 0.685114 0.697090 0.211386 0.000000 11.734728 4.510332 -2.664560 1.000000
aniFrame
  m_time -0.166000
  m_vertexTransformMat 0.136744 0.179222 -0.974259 0.000000 -0.694903 0.718271 0.034596 0.000000 0.705982 0.672284 0.222762 0.000000 11.429131 3.450823 -1.506819 1.000000
aniFrame
  m_time -0.066000
  m_vertexTransformMat 0.201244 0.120579 -0.972092 0.000000 -0.664665 0.745780 -0.045093 0.000000 0.719529 0.655190 0.230229 0.000000 10.771961 2.507561 -1.307918 1.000000
aniFrame
  m_time 0.033000
  m_vertexTransformMat 0.237018 0.045403 -0.970444 0.000000 -0.624638 0.772186 -0.116432 0.000000 0.744077 0.633773 0.211383 0.000000 10.064517 2.403674 -1.787525 1.000000
aniFrame
  m_time 0.133000
  m_vertexTransformMat 0.219791 -0.073454 -0.972778 0.000000 -0.570069 0.799522 -0.189174 0.000000 0.791653 0.596129 0.133854 0.000000 9.934818 3.708077 -2.789783 1.000000
aniFrame
  m_time 0.233000
  m_vertexTransformMat 0.171531 -0.053559 -0.983722 0.000000 -0.611013 0.777495 -0.148873 0.000000 0.772813 0.626603 0.100639 0.000000 10.249775 4.829650 -2.472081 1.000000
aniFrame
  m_time 0.333000
  m_vertexTransformMat 0.083173 0.101416 -0.991361 0.000000 -0.735070 0.677947 0.007683 0.000000 0.672870 0.728081 0.130935 0.000000 10.197104 5.282745 -1.853652 1.000000
aniFrame
  m_time 0.433000
  m_vertexTransformMat -0.039533 0.267471 -0.962755 0.000000 -0.835975 0.518928 0.178495 0.000000 0.547342 0.811895 0.203085 0.000000 10.096211 5.445980 -1.988298 1.000000
aniFrame
  m_time 0.533000
  m_vertexTransformMat -0.131758 0.365457 -0.921456 0.000000 -0.872191 0.399015 0.282966 0.000000 0.471086 0.840969 0.266175 0.000000 10.302372 5.488983 -2.475678 1.000000
aniFrame
  m_time 0.633000
  m_vertexTransformMat -0.085839 0.347707 -0.933666 0.000000 -0.831109 0.491816 0.259567 0.000000 0.549445 0.798259 0.246765 0.000000 11.404609 5.374710 -3.497453 1.000000
aniFrame
  m_time 0.733000
  m_vertexTransformMat 0.013742 0.269429 -0.962922 0.000000 -0.751290 0.638266 0.167868 0.000000 0.659829 0.721127 0.211190 0.000000 11.790285 4.955965 -3.409810 1.000000
aniFrame
  m_time 0.833000
  m_vertexTransformMat 0.086899 0.215678 -0.972590 0.000000 -0.714897 0.693426 0.089897 0.000000 0.693809 0.687490 0.214445 0.000000 11.662849 4.186138 -2.228962 1.000000
aniFrame
  m_time 0.933000
  m_vertexTransformMat 0.160235 0.160372 -0.973964 0.000000 -0.685152 0.728364 0.007211 0.000000 0.710557 0.666158 0.226589 0.000000 11.255228 3.089802 -1.322046 1.000000
aniFrame
  m_time 1.033000
  m_vertexTransformMat 0.217473 0.099256 -0.971007 0.000000 -0.653422 0.753816 -0.069289 0.000000 0.725083 0.649546 0.228791 0.000000 10.511494 2.335085 -1.412539 1.000000
aniFrame
  m_time 1.133000
  m_vertexTransformMat 0.237275 0.003873 -0.971435 0.000000 -0.603773 0.783978 -0.144347 0.000000 0.761025 0.620776 0.188357 0.000000 9.907831 2.741516 -2.164538 1.000000
aniFrame
  m_time 1.233000
  m_vertexTransformMat 0.205440 -0.091421 -0.974390 0.000000 -0.567782 0.799810 -0.194752 0.000000 0.797131 0.593251 0.112406 0.000000 10.099004 4.185997 -2.833423 1.000000
aniFrame
  m_time 1.333000
  m_vertexTransformMat 0.147677 -0.009691 -0.988988 0.000000 -0.649244 0.753391 -0.104328 0.000000 0.746106 0.657501 0.104967 0.000000 10.254546 5.019804 -2.208401 1.000000
aniFrame
  m_time 1.433000
  m_vertexTransformMat 0.043873 0.160464 -0.986066 0.000000 -0.774999 0.628319 0.067765 0.000000 0.630438 0.761227 0.151925 0.000000 10.148226 5.362847 -1.833537 1.000000
aniFrame
  m_time 1.533000
  m_vertexTransformMat -0.077943 0.310096 -0.947505 0.000000 -0.855062 0.467899 0.223471 0.000000 0.512634 0.827594 0.228682 0.000000 10.115908 5.463059 -2.132294 1.000000
aniFrame
  m_time 1.633000
  m_vertexTransformMat -0.134837 0.373239 -0.917885 0.000000 -0.868342 0.401695 0.290900 0.000000 0.477284 0.836262 0.269936 0.000000 10.576097 5.490196 -2.753255 1.000000
aniFrame
  m_time 1.733000
  m_vertexTransformMat -0.049277 0.321411 -0.945657 0.000000 -0.802181 0.551341 0.229191 0.000000 0.595044 0.769882 0.230661 0.000000 11.663301 5.254157 -3.668406 1.000000
aniFrame
  m_time 1.833000
  m_vertexTransformMat 0.036306 0.251188 -0.967257 0.000000 -0.737825 0.659544 0.143584 0.000000 0.674015 0.708453 0.209278 0.000000 11.776142 4.783496 -3.083433 1.000000
aniFrame
  m_time 1.933000
  m_vertexTransformMat 0.102820 0.195069 -0.975385 0.000000 -0.705266 0.705788 0.066807 0.000000 0.701447 0.681037 0.210144 0.000000 11.629045 4.041342 -1.921231 1.000000
aniFrame
  m_time 2.033000
  m_vertexTransformMat 0.167819 0.137319 -0.976207 0.000000 -0.676858 0.736001 -0.012828 0.000000 0.716728 0.662907 0.216460 0.000000 11.157059 3.145233 -1.412768 1.000000
aniFrame
  m_time 2.133000
  m_vertexTransformMat 0.229958 0.076718 -0.970172 0.000000 -0.641210 0.761862 -0.091739 0.000000 0.732100 0.643180 0.224388 0.000000 10.273667 2.272316 -1.544065 1.000000
aniFrame
  m_time 2.133000
  m_vertexTransformMat 0.229958 0.076718 -0.970172 0.000000 -0.641210 0.761862 -0.091739 0.000000 0.732100 0.643180 0.224388 0.000000 10.273667 2.272316 -1.544065 1.000000
