 34
 -1.066000
 0.990268 -0.036152 -0.134396 0.000000 0.036152 0.999343 -0.002442 0.000000 0.134396 -0.002441 0.990925 0.000000 -0.904548 -1.777861 -1.581368 1.000000
 -0.966000
 0.998244 -0.028754 -0.051792 0.000000 0.029764 0.999379 0.018837 0.000000 0.051218 -0.020345 0.998480 0.000000 -1.397457 -1.372382 -2.297176 1.000000
 -0.866000
 0.999392 -0.029300 -0.018880 0.000000 0.029822 0.999163 0.028003 0.000000 0.018044 -0.028549 0.999430 0.000000 -1.351396 -1.049953 -2.035510 1.000000
 -0.766000
 0.999286 -0.022062 -0.030658 0.000000 0.021970 0.999753 -0.003311 0.000000 0.030724 0.002635 0.999524 0.000000 -1.124013 -1.177525 -1.074448 1.000000
 -0.666000
 0.999118 0.002126 -0.041946 0.000000 -0.004607 0.998240 -0.059117 0.000000 0.041746 0.059258 0.997369 0.000000 -0.721863 -1.640738 -0.756574 1.000000
 -0.566000
 0.998639 0.030377 -0.042386 0.000000 -0.033669 0.996286 -0.079244 0.000000 0.039821 0.080563 0.995954 0.000000 -0.115568 -1.857026 -1.015432 1.000000
 -0.466000
 0.997020 0.061171 -0.047009 0.000000 -0.064101 0.995916 -0.063590 0.000000 0.042927 0.066414 0.996869 0.000000 0.759483 -1.589891 -1.607207 1.000000
 -0.366000
 0.994439 0.087810 -0.058138 0.000000 -0.089602 0.995556 -0.028968 0.000000 0.055336 0.034016 0.997888 0.000000 1.162704 -1.055281 -1.861668 1.000000
 -0.266000
 0.994801 0.094473 -0.038023 0.000000 -0.096005 0.994547 -0.040728 0.000000 0.033968 0.044167 0.998447 0.000000 1.070405 -0.898486 -1.049351 1.000000
 -0.166000
 0.997698 0.066680 -0.012359 0.000000 -0.067078 0.997125 -0.035242 0.000000 0.009974 0.035990 0.999302 0.000000 0.830110 -1.215104 -0.346834 1.000000
 -0.066000
 0.996878 0.003766 -0.078874 0.000000 -0.005061 0.999856 -0.016231 0.000000 0.078802 0.016579 0.996753 0.000000 -0.103807 -1.656060 -0.931988 1.000000
 0.033000
 0.991469 -0.040105 -0.124018 0.000000 0.040657 0.999172 0.001917 0.000000 0.123838 -0.006943 0.992279 0.000000 -1.159314 -1.732719 -1.827670 1.000000
 0.133000
 0.999115 -0.027898 -0.031494 0.000000 0.028563 0.999374 0.020876 0.000000 0.030892 -0.021758 0.999286 0.000000 -1.485278 -1.327998 -2.350146 1.000000
 0.233000
 0.999296 -0.029399 -0.023297 0.000000 0.029925 0.999297 0.022572 0.000000 0.022617 -0.023253 0.999474 0.000000 -1.301599 -1.023256 -1.727845 1.000000
 0.333000
 0.999288 -0.014812 -0.034691 0.000000 0.014018 0.999637 -0.023025 0.000000 0.035019 0.022522 0.999133 0.000000 -1.008953 -1.327088 -0.862613 1.000000
 0.433000
 0.998998 0.010978 -0.043399 0.000000 -0.013995 0.997461 -0.069831 0.000000 0.042522 0.070369 0.996614 0.000000 -0.539895 -1.756738 -0.807382 1.000000
 0.533000
 0.998340 0.040032 -0.041410 0.000000 -0.043248 0.995861 -0.079942 0.000000 0.038039 0.081600 0.995939 0.000000 0.113427 -1.834013 -1.131277 1.000000
 0.633000
 0.996061 0.071627 -0.052281 0.000000 -0.074207 0.996029 -0.049192 0.000000 0.048550 0.052877 0.997420 0.000000 1.051717 -1.405037 -1.858364 1.000000
 0.733000
 0.994185 0.093405 -0.053597 0.000000 -0.095117 0.995004 -0.030325 0.000000 0.050497 0.035247 0.998102 0.000000 1.135588 -0.927701 -1.652933 1.000000
 0.833000
 0.995655 0.088585 -0.028719 0.000000 -0.089726 0.995113 -0.041223 0.000000 0.024927 0.043621 0.998737 0.000000 1.010943 -0.973574 -0.744517 1.000000
 0.933000
 0.998542 0.051384 -0.016535 0.000000 -0.051882 0.998164 -0.031259 0.000000 0.014898 0.032072 0.999375 0.000000 0.648165 -1.363888 -0.370814 1.000000
 1.033000
 0.993079 -0.020458 -0.115648 0.000000 0.019668 0.999775 -0.007966 0.000000 0.115785 0.005636 0.993258 0.000000 -0.548718 -1.747752 -1.296348 1.000000
 1.133000
 0.994916 -0.036702 -0.093778 0.000000 0.037568 0.999266 0.007490 0.000000 0.093434 -0.010975 0.995565 0.000000 -1.357513 -1.624964 -2.087577 1.000000
 1.233000
 0.999398 -0.028286 -0.020096 0.000000 0.028828 0.999215 0.027173 0.000000 0.019312 -0.027737 0.999429 0.000000 -1.424409 -1.184709 -2.254838 1.000000
 1.333000
 0.999254 -0.027245 -0.027370 0.000000 0.027595 0.999541 0.012501 0.000000 0.027017 -0.013247 0.999547 0.000000 -1.227505 -1.069480 -1.386906 1.000000
 1.433000
 0.999229 -0.006441 -0.038734 0.000000 0.004779 0.999069 -0.042871 0.000000 0.038974 0.042653 0.998330 0.000000 -0.877970 -1.490357 -0.768805 1.000000
 1.533000
 0.998851 0.020541 -0.043296 0.000000 -0.023802 0.996808 -0.076206 0.000000 0.041593 0.077149 0.996152 0.000000 -0.335517 -1.830258 -0.900419 1.000000
 1.633000
 0.997822 0.050235 -0.042762 0.000000 -0.053351 0.995744 -0.075146 0.000000 0.038805 0.077264 0.996255 0.000000 0.409287 -1.743337 -1.324751 1.000000
 1.733000
 0.995135 0.080439 -0.056891 0.000000 -0.082561 0.995936 -0.035998 0.000000 0.053764 0.040520 0.997732 0.000000 1.174743 -1.218502 -1.953465 1.000000
 1.833000
 0.994350 0.095944 -0.045428 0.000000 -0.097606 0.994578 -0.035904 0.000000 0.041737 0.040135 0.998322 0.000000 1.109867 -0.873694 -1.366001 1.000000
 1.933000
 0.996733 0.078994 -0.016816 0.000000 -0.079531 0.996249 -0.034090 0.000000 0.014060 0.035316 0.999277 0.000000 0.971578 -1.027199 -0.511756 1.000000
 2.033000
 0.998916 0.032236 -0.033567 0.000000 -0.032888 0.999278 -0.019052 0.000000 0.032929 0.020135 0.999255 0.000000 0.388405 -1.394558 -0.606816 1.000000
 2.133000
 0.990268 -0.036152 -0.134396 0.000000 0.036152 0.999343 -0.002442 0.000000 0.134396 -0.002441 0.990925 0.000000 -0.904548 -1.777862 -1.581368 1.000000
 2.133000
 0.990268 -0.036152 -0.134396 0.000000 0.036152 0.999343 -0.002442 0.000000 0.134396 -0.002441 0.990925 0.000000 -0.904548 -1.777862 -1.581368 1.000000
