m_aniFrameList.size 34
aniFrame
  m_time -1.066000
  m_vertexTransformMat 0.041935 -0.102514 0.993847 0.000000 0.893930 0.448127 0.008504 0.000000 -0.446241 0.888073 0.110433 0.000000 -7.923344 10.283682 -2.667378 1.000000
aniFrame
  m_time -0.966000
  m_vertexTransformMat -0.026327 -0.297587 0.954332 0.000000 0.739272 0.636812 0.218970 0.000000 -0.672892 0.711275 0.203232 0.000000 -12.577660 4.261287 -3.850534 1.000000
aniFrame
  m_time -0.866000
  m_vertexTransformMat 0.024420 -0.411971 0.910870 0.000000 0.607349 0.729830 0.313808 0.000000 -0.794060 0.545553 0.268033 0.000000 -13.406409 -0.390015 -4.086330 1.000000
aniFrame
  m_time -0.766000
  m_vertexTransformMat 0.150305 -0.336790 0.929506 0.000000 0.629267 0.757736 0.172797 0.000000 -0.762516 0.558935 0.325822 0.000000 -11.776710 -0.638066 -1.924958 1.000000
aniFrame
  m_time -0.666000
  m_vertexTransformMat 0.291180 -0.180367 0.939511 0.000000 0.671534 0.737988 -0.066448 0.000000 -0.681363 0.650262 0.336010 0.000000 -9.338737 0.859997 -0.695499 1.000000
aniFrame
  m_time -0.566000
  m_vertexTransformMat 0.423899 0.017554 0.905539 0.000000 0.655049 0.684521 -0.319910 0.000000 -0.625476 0.728782 0.278669 0.000000 -6.695809 3.286676 -1.411852 1.000000
aniFrame
  m_time -0.466000
  m_vertexTransformMat 0.531388 0.288404 0.796524 0.000000 0.509966 0.641894 -0.572632 0.000000 -0.676433 0.710490 0.194018 0.000000 -4.544663 6.969500 -4.113699 1.000000
aniFrame
  m_time -0.366000
  m_vertexTransformMat 0.554535 0.569914 0.606373 0.000000 0.298277 0.544129 -0.784190 0.000000 -0.776866 0.615728 0.131746 0.000000 -4.221746 11.404301 -8.024375 1.000000
aniFrame
  m_time -0.266000
  m_vertexTransformMat 0.517274 0.511003 0.686516 0.000000 0.396040 0.568186 -0.721331 0.000000 -0.758671 0.645013 0.091530 0.000000 -4.482244 12.545488 -6.994157 1.000000
aniFrame
  m_time -0.166000
  m_vertexTransformMat 0.398029 0.279533 0.873747 0.000000 0.648177 0.588309 -0.483487 0.000000 -0.649184 0.758785 0.052977 0.000000 -4.881903 12.262548 -4.311741 1.000000
aniFrame
  m_time -0.066000
  m_vertexTransformMat 0.181761 0.022289 0.983091 0.000000 0.847478 0.503510 -0.168104 0.000000 -0.498742 0.863702 0.072629 0.000000 -6.292552 11.233023 -2.793505 1.000000
aniFrame
  m_time 0.033000
  m_vertexTransformMat -0.012555 -0.158969 0.987204 0.000000 0.882347 0.462725 0.085733 0.000000 -0.470432 0.872132 0.134456 0.000000 -9.258687 9.281882 -2.878786 1.000000
aniFrame
  m_time 0.133000
  m_vertexTransformMat -0.051167 -0.359955 0.931566 0.000000 0.701287 0.651169 0.290129 0.000000 -0.711040 0.668140 0.219113 0.000000 -13.466049 2.744858 -4.337752 1.000000
aniFrame
  m_time 0.233000
  m_vertexTransformMat 0.063600 -0.397956 0.915197 0.000000 0.605485 0.744372 0.281599 0.000000 -0.793312 0.536228 0.288298 0.000000 -12.973208 -0.710597 -3.449887 1.000000
aniFrame
  m_time 0.333000
  m_vertexTransformMat 0.196450 -0.291961 0.936038 0.000000 0.646230 0.756518 0.100340 0.000000 -0.737424 0.585184 0.337292 0.000000 -11.037729 -0.296394 -1.300126 1.000000
aniFrame
  m_time 0.433000
  m_vertexTransformMat 0.337934 -0.116722 0.933904 0.000000 0.674637 0.721931 -0.153889 0.000000 -0.656252 0.682050 0.322709 0.000000 -8.428694 1.609806 -0.733090 1.000000
aniFrame
  m_time 0.533000
  m_vertexTransformMat 0.460209 0.084736 0.883758 0.000000 0.631609 0.668306 -0.392984 0.000000 -0.623921 0.739044 0.254040 0.000000 -5.960573 4.157049 -1.953078 1.000000
aniFrame
  m_time 0.633000
  m_vertexTransformMat 0.552761 0.407072 0.727151 0.000000 0.424387 0.613441 -0.666023 0.000000 -0.717183 0.676745 0.166330 0.000000 -4.127994 8.691875 -5.660693 1.000000
aniFrame
  m_time 0.733000
  m_vertexTransformMat 0.546199 0.584270 0.600246 0.000000 0.295180 0.536361 -0.790687 0.000000 -0.783923 0.609053 0.120495 0.000000 -4.359246 12.088033 -8.202826 1.000000
aniFrame
  m_time 0.833000
  m_vertexTransformMat 0.490128 0.446025 0.748890 0.000000 0.473976 0.584663 -0.658419 0.000000 -0.731520 0.677666 0.075154 0.000000 -4.556257 12.565801 -6.105851 1.000000
aniFrame
  m_time 0.933000
  m_vertexTransformMat 0.333088 0.189123 0.923734 0.000000 0.728934 0.569769 -0.379499 0.000000 -0.598087 0.799748 0.051925 0.000000 -5.202125 11.975920 -3.609584 1.000000
aniFrame
  m_time 1.033000
  m_vertexTransformMat 0.106993 -0.046224 0.993185 0.000000 0.879733 0.469846 -0.072904 0.000000 -0.463273 0.881538 0.090935 0.000000 -7.048559 10.791493 -2.659083 1.000000
aniFrame
  m_time 1.133000
  m_vertexTransformMat -0.052103 -0.226093 0.972711 0.000000 0.840302 0.516387 0.165037 0.000000 -0.539609 0.825970 0.163082 0.000000 -11.012509 7.502225 -3.347029 1.000000
aniFrame
  m_time 1.233000
  m_vertexTransformMat -0.015847 -0.401679 0.915644 0.000000 0.638291 0.700822 0.318486 0.000000 -0.769632 0.589494 0.245282 0.000000 -13.654664 0.703229 -4.413238 1.000000
aniFrame
  m_time 1.333000
  m_vertexTransformMat 0.105830 -0.372516 0.921972 0.000000 0.614256 0.753618 0.233985 0.000000 -0.781978 0.541564 0.308576 0.000000 -12.427239 -0.783996 -2.685578 1.000000
aniFrame
  m_time 1.433000
  m_vertexTransformMat 0.243671 -0.239329 0.939865 0.000000 0.661339 0.749835 0.019479 0.000000 -0.709405 0.616823 0.340990 0.000000 -10.220121 0.213387 -0.887542 1.000000
aniFrame
  m_time 1.533000
  m_vertexTransformMat 0.382651 -0.050155 0.922531 0.000000 0.669339 0.703333 -0.239393 0.000000 -0.636839 0.709090 0.302701 0.000000 -7.532615 2.429055 -0.985070 1.000000
aniFrame
  m_time 1.633000
  m_vertexTransformMat 0.497103 0.172830 0.850305 0.000000 0.584722 0.657309 -0.475442 0.000000 -0.641084 0.733536 0.225693 0.000000 -5.224192 5.348990 -2.802940 1.000000
aniFrame
  m_time 1.733000
  m_vertexTransformMat 0.558911 0.506550 0.656526 0.000000 0.347368 0.575893 -0.740057 0.000000 -0.752964 0.641681 0.145913 0.000000 -4.065196 10.233142 -7.083120 1.000000
aniFrame
  m_time 1.833000
  m_vertexTransformMat 0.535175 0.559563 0.632833 0.000000 0.330443 0.550776 -0.766455 0.000000 -0.777429 0.619302 0.109858 0.000000 -4.439762 12.362004 -7.722313 1.000000
aniFrame
  m_time 1.933000
  m_vertexTransformMat 0.459628 0.381809 0.801850 0.000000 0.522391 0.613935 -0.591771 0.000000 -0.718227 0.690874 0.082728 0.000000 -4.833241 12.063651 -5.086087 1.000000
aniFrame
  m_time 2.033000
  m_vertexTransformMat 0.282553 0.116468 0.952155 0.000000 0.749409 0.592806 -0.294900 0.000000 -0.598790 0.796879 0.080217 0.000000 -6.078979 10.910209 -3.047544 1.000000
aniFrame
  m_time 2.133000
  m_vertexTransformMat 0.041935 -0.102514 0.993847 0.000000 0.893930 0.448127 0.008504 0.000000 -0.446241 0.888073 0.110433 0.000000 -7.923344 10.283684 -2.667373 1.000000
aniFrame
  m_time 2.133000
  m_vertexTransformMat 0.041935 -0.102514 0.993847 0.000000 0.893930 0.448127 0.008504 0.000000 -0.446241 0.888073 0.110433 0.000000 -7.923344 10.283684 -2.667373 1.000000
