m_aniFrameList.size 34
aniFrame
  m_time -1.066000
  m_vertexTransformMat 0.763656 0.129775 0.632446 0.000000 0.157412 0.912602 -0.377332 0.000000 -0.626140 0.387706 0.676486 0.000000 -0.084722 -2.288564 -4.227110 1.000000
aniFrame
  m_time -0.966000
  m_vertexTransformMat 0.889721 0.057523 0.452866 0.000000 0.091681 0.949302 -0.300701 0.000000 -0.447203 0.309059 0.839341 0.000000 -1.200989 -1.760236 -3.812349 1.000000
aniFrame
  m_time -0.866000
  m_vertexTransformMat 0.979782 -0.138436 0.144443 0.000000 0.176389 0.938417 -0.297086 0.000000 -0.094421 0.316557 0.943862 0.000000 -0.833060 -0.531829 -2.075938 1.000000
aniFrame
  m_time -0.766000
  m_vertexTransformMat 0.877922 -0.459015 -0.136225 0.000000 0.375074 0.836150 -0.400216 0.000000 0.297610 0.300264 0.906239 0.000000 0.764212 0.560793 -0.235114 1.000000
aniFrame
  m_time -0.666000
  m_vertexTransformMat 0.650425 -0.748216 -0.130843 0.000000 0.587013 0.604468 -0.538548 0.000000 0.482041 0.273478 0.832374 0.000000 2.502260 0.957757 -0.320904 1.000000
aniFrame
  m_time -0.566000
  m_vertexTransformMat 0.873215 -0.447817 -0.192238 0.000000 0.296228 0.800972 -0.520282 0.000000 0.386968 0.397372 0.832076 0.000000 1.773366 0.797703 -0.842263 1.000000
aniFrame
  m_time -0.466000
  m_vertexTransformMat 0.974473 -0.218658 -0.050899 0.000000 0.172373 0.873970 -0.454383 0.000000 0.143838 0.434011 0.889352 0.000000 1.648003 0.220608 -2.054098 1.000000
aniFrame
  m_time -0.366000
  m_vertexTransformMat 0.982754 -0.131096 0.130414 0.000000 0.168759 0.924154 -0.342725 0.000000 -0.075593 0.358823 0.930340 0.000000 1.591732 0.027197 -3.076960 1.000000
aniFrame
  m_time -0.266000
  m_vertexTransformMat 0.953253 -0.113452 0.280068 0.000000 0.179418 0.958284 -0.222489 0.000000 -0.243142 0.262338 0.933842 0.000000 1.242256 0.096622 -2.909644 1.000000
aniFrame
  m_time -0.166000
  m_vertexTransformMat 0.894302 -0.012202 0.447296 0.000000 0.117615 0.970888 -0.208670 0.000000 -0.431728 0.239223 0.869703 0.000000 0.690585 -0.829607 -2.894494 1.000000
aniFrame
  m_time -0.066000
  m_vertexTransformMat 0.794566 0.087210 0.600882 0.000000 0.130776 0.941823 -0.309623 0.000000 -0.592926 0.324597 0.736936 0.000000 0.299902 -1.862112 -3.783695 1.000000
aniFrame
  m_time 0.033000
  m_vertexTransformMat 0.790603 0.122565 0.599937 0.000000 0.140785 0.917131 -0.372895 0.000000 -0.595925 0.379274 0.707832 0.000000 -0.462723 -2.276086 -4.196699 1.000000
aniFrame
  m_time 0.133000
  m_vertexTransformMat 0.927387 0.014912 0.373807 0.000000 0.100288 0.952723 -0.286812 0.000000 -0.360411 0.303474 0.882048 0.000000 -1.343653 -1.545122 -3.438277 1.000000
aniFrame
  m_time 0.233000
  m_vertexTransformMat 0.972230 -0.233289 0.018571 0.000000 0.226620 0.918684 -0.323516 0.000000 0.058411 0.318740 0.946041 0.000000 -0.376534 -0.084741 -1.300900 1.000000
aniFrame
  m_time 0.333000
  m_vertexTransformMat 0.784826 -0.600573 -0.152843 0.000000 0.483603 0.747756 -0.454961 0.000000 0.387525 0.283149 0.877297 0.000000 1.477512 0.808256 -0.078365 1.000000
aniFrame
  m_time 0.433000
  m_vertexTransformMat 0.692568 -0.705712 -0.149399 0.000000 0.532767 0.640047 -0.553624 0.000000 0.486321 0.303828 0.819256 0.000000 2.478023 0.970689 -0.492952 1.000000
aniFrame
  m_time 0.533000
  m_vertexTransformMat 0.928237 -0.329994 -0.171696 0.000000 0.208114 0.843257 -0.495586 0.000000 0.308324 0.424289 0.851419 0.000000 1.534574 0.601584 -1.092931 1.000000
aniFrame
  m_time 0.633000
  m_vertexTransformMat 0.982823 -0.183409 0.020506 0.000000 0.174737 0.889042 -0.423168 0.000000 0.059382 0.419482 0.905819 0.000000 1.759745 0.063042 -2.579461 1.000000
aniFrame
  m_time 0.733000
  m_vertexTransformMat 0.975833 -0.124862 0.179332 0.000000 0.174710 0.938732 -0.297082 0.000000 -0.131251 0.321233 0.937861 0.000000 1.470970 0.128773 -3.097540 1.000000
aniFrame
  m_time 0.833000
  m_vertexTransformMat 0.937955 -0.087886 0.335435 0.000000 0.163441 0.965203 -0.204131 0.000000 -0.305822 0.246289 0.919682 0.000000 1.067276 -0.138385 -2.828133 1.000000
aniFrame
  m_time 0.933000
  m_vertexTransformMat 0.867159 0.022647 0.497516 0.000000 0.106222 0.967569 -0.229187 0.000000 -0.486571 0.251589 0.836631 0.000000 0.540892 -1.186245 -3.080667 1.000000
aniFrame
  m_time 1.033000
  m_vertexTransformMat 0.766547 0.116309 0.631568 0.000000 0.150241 0.923690 -0.352456 0.000000 -0.624366 0.365062 0.690577 0.000000 0.148149 -2.140940 -4.097895 1.000000
aniFrame
  m_time 1.133000
  m_vertexTransformMat 0.835311 0.099890 0.540627 0.000000 0.112439 0.931531 -0.345843 0.000000 -0.538157 0.349674 0.766886 0.000000 -0.908707 -2.140135 -4.076419 1.000000
aniFrame
  m_time 1.233000
  m_vertexTransformMat 0.961180 -0.053810 0.270626 0.000000 0.132860 0.949871 -0.283009 0.000000 -0.241830 0.307978 0.920146 0.000000 -1.179028 -1.073606 -2.837301 1.000000
aniFrame
  m_time 1.333000
  m_vertexTransformMat 0.939753 -0.332494 -0.079456 0.000000 0.284741 0.889931 -0.356294 0.000000 0.189176 0.312204 0.930989 0.000000 0.146471 0.256882 -0.659089 1.000000
aniFrame
  m_time 1.433000
  m_vertexTransformMat 0.692883 -0.707177 -0.140761 0.000000 0.564365 0.653388 -0.504555 0.000000 0.448781 0.270157 0.851828 0.000000 2.118757 0.930060 -0.153164 1.000000
aniFrame
  m_time 1.533000
  m_vertexTransformMat 0.784545 -0.593442 -0.179766 0.000000 0.422279 0.723636 -0.545923 0.000000 0.454059 0.352390 0.818323 0.000000 2.159505 0.940760 -0.656613 1.000000
aniFrame
  m_time 1.633000
  m_vertexTransformMat 0.956989 -0.264066 -0.120171 0.000000 0.177530 0.860602 -0.477333 0.000000 0.229467 0.435469 0.870467 0.000000 1.529985 0.413750 -1.503897 1.000000
aniFrame
  m_time 1.733000
  m_vertexTransformMat 0.985074 -0.151970 0.080841 0.000000 0.171505 0.906632 -0.385493 0.000000 -0.014710 0.393603 0.919163 0.000000 1.729944 -0.012298 -2.928833 1.000000
aniFrame
  m_time 1.833000
  m_vertexTransformMat 0.965665 -0.123119 0.228763 0.000000 0.181376 0.949944 -0.254380 0.000000 -0.185993 0.287138 0.939659 0.000000 1.365430 0.181304 -3.021776 1.000000
aniFrame
  m_time 1.933000
  m_vertexTransformMat 0.917987 -0.053912 0.392930 0.000000 0.140184 0.970874 -0.194299 0.000000 -0.371010 0.233447 0.898807 0.000000 0.906311 -0.397179 -2.833052 1.000000
aniFrame
  m_time 2.033000
  m_vertexTransformMat 0.838901 0.045986 0.542337 0.000000 0.110361 0.961355 -0.252223 0.000000 -0.532978 0.271443 0.801407 0.000000 0.443491 -1.367128 -3.380986 1.000000
aniFrame
  m_time 2.133000
  m_vertexTransformMat 0.763656 0.129775 0.632446 0.000000 0.157412 0.912602 -0.377332 0.000000 -0.626140 0.387706 0.676486 0.000000 -0.084721 -2.288565 -4.227110 1.000000
aniFrame
  m_time 2.133000
  m_vertexTransformMat 0.763656 0.129775 0.632446 0.000000 0.157412 0.912602 -0.377332 0.000000 -0.626140 0.387706 0.676486 0.000000 -0.084721 -2.288565 -4.227110 1.000000
