 34
 -1.066000
 0.081898 -0.485481 -0.870403 0.000000 -0.619212 0.659537 -0.426130 0.000000 0.780941 0.573863 -0.246601 0.000000 16.304367 11.966510 -6.761643 1.000000
 -0.966000
 0.089092 -0.729675 -0.677966 0.000000 -0.391304 0.600302 -0.697509 0.000000 0.915938 0.327433 -0.232043 0.000000 16.663376 13.205344 -10.459648 1.000000
 -0.866000
 0.058732 -0.835869 -0.545779 0.000000 -0.281079 0.510757 -0.812479 0.000000 0.957886 0.201126 -0.204947 0.000000 17.343517 14.183376 -12.289939 1.000000
 -0.766000
 0.044993 -0.756561 -0.652373 0.000000 -0.461385 0.563476 -0.685287 0.000000 0.886058 0.331828 -0.323713 0.000000 16.452168 16.579847 -11.725669 1.000000
 -0.666000
 -0.008925 -0.602745 -0.797884 0.000000 -0.720830 0.556899 -0.412635 0.000000 0.693054 0.571456 -0.439447 0.000000 14.248684 19.475933 -10.981167 1.000000
 -0.566000
 -0.124229 -0.443000 -0.887872 0.000000 -0.878644 0.464868 -0.109006 0.000000 0.461033 0.766582 -0.446990 0.000000 12.583151 21.097515 -9.957906 1.000000
 -0.466000
 -0.300864 -0.262666 -0.916782 0.000000 -0.845473 0.518205 0.128992 0.000000 0.441199 0.813923 -0.377986 0.000000 16.037066 18.735096 -9.496848 1.000000
 -0.366000
 -0.398650 0.004997 -0.917090 0.000000 -0.643949 0.710488 0.283790 0.000000 0.652999 0.703692 -0.280018 0.000000 21.597815 10.931232 -9.132154 1.000000
 -0.266000
 -0.302810 0.003811 -0.953044 0.000000 -0.615670 0.762550 0.198665 0.000000 0.727501 0.646918 -0.228561 0.000000 21.564157 8.715774 -6.980854 1.000000
 -0.166000
 -0.145929 -0.148808 -0.978039 0.000000 -0.657274 0.753469 -0.016570 0.000000 0.739388 0.640422 -0.207761 0.000000 19.753971 9.434328 -4.955669 1.000000
 -0.066000
 0.010580 -0.356441 -0.934258 0.000000 -0.659782 0.699576 -0.274376 0.000000 0.751383 0.619309 -0.227772 0.000000 17.413973 11.059312 -5.432722 1.000000
 0.033000
 0.102510 -0.556901 -0.824229 0.000000 -0.571160 0.645438 -0.507135 0.000000 0.814413 0.522753 -0.251916 0.000000 16.073294 12.350785 -7.708498 1.000000
 0.133000
 0.087664 -0.788561 -0.608676 0.000000 -0.332556 0.552806 -0.764076 0.000000 0.939000 0.269401 -0.213779 0.000000 16.782829 13.352180 -11.411003 1.000000
 0.233000
 0.054636 -0.820706 -0.568732 0.000000 -0.320479 0.525035 -0.788436 0.000000 0.945679 0.225344 -0.234333 0.000000 17.221268 14.831393 -12.159050 1.000000
 0.333000
 0.034062 -0.710619 -0.702752 0.000000 -0.549155 0.574190 -0.607235 0.000000 0.835026 0.406604 -0.370682 0.000000 15.816379 17.576906 -11.495507 1.000000
 0.433000
 -0.041641 -0.546680 -0.836306 0.000000 -0.790821 0.529594 -0.306811 0.000000 0.610630 0.648592 -0.454378 0.000000 13.487137 20.236055 -10.652020 1.000000
 0.533000
 -0.169910 -0.397979 -0.901523 0.000000 -0.895035 0.445128 -0.027815 0.000000 0.412363 0.802168 -0.431837 0.000000 12.690933 21.119232 -9.681949 1.000000
 0.633000
 -0.361648 -0.166855 -0.917262 0.000000 -0.781616 0.590577 0.200738 0.000000 0.508220 0.789543 -0.343997 0.000000 18.487007 16.270927 -9.545315 1.000000
 0.733000
 -0.378475 0.035973 -0.924912 0.000000 -0.611764 0.740159 0.279122 0.000000 0.694623 0.671468 -0.258125 0.000000 21.972960 9.459891 -8.577912 1.000000
 0.833000
 -0.254290 -0.035813 -0.966465 0.000000 -0.628942 0.765264 0.137125 0.000000 0.734690 0.642719 -0.217123 0.000000 21.084631 8.759946 -6.135711 1.000000
 0.933000
 -0.090462 -0.216089 -0.972174 0.000000 -0.665564 0.739284 -0.102392 0.000000 0.740838 0.637781 -0.210698 0.000000 18.975414 9.950744 -4.809649 1.000000
 1.033000
 0.051082 -0.423634 -0.904392 0.000000 -0.643945 0.678216 -0.354060 0.000000 0.763365 0.600465 -0.238152 0.000000 16.772083 11.555883 -6.060493 1.000000
 1.133000
 0.110341 -0.642201 -0.758553 0.000000 -0.495482 0.626067 -0.602111 0.000000 0.861581 0.442287 -0.249118 0.000000 16.107077 12.734040 -8.983664 1.000000
 1.233000
 0.069638 -0.827489 -0.557147 0.000000 -0.283825 0.518986 -0.806286 0.000000 0.956344 0.214281 -0.198721 0.000000 17.185492 13.677758 -12.088067 1.000000
 1.333000
 0.050997 -0.793836 -0.605990 0.000000 -0.382724 0.544921 -0.746045 0.000000 0.922454 0.269973 -0.276031 0.000000 16.922581 15.644822 -11.958633 1.000000
 1.433000
 0.016372 -0.658389 -0.752500 0.000000 -0.638173 0.572489 -0.514775 0.000000 0.769720 0.488653 -0.410793 0.000000 15.056700 18.566713 -11.262064 1.000000
 1.533000
 -0.080679 -0.492820 -0.866383 0.000000 -0.843993 0.496189 -0.203651 0.000000 0.530252 0.714791 -0.455968 0.000000 12.889378 20.790762 -10.297231 1.000000
 1.633000
 -0.229309 -0.342171 -0.911228 0.000000 -0.885581 0.461849 0.049428 0.000000 0.403936 0.818300 -0.408926 0.000000 13.829815 20.424812 -9.514582 1.000000
 1.733000
 -0.395470 -0.070282 -0.915786 0.000000 -0.707746 0.658814 0.255070 0.000000 0.585405 0.749016 -0.310282 0.000000 20.449436 13.453573 -9.464439 1.000000
 1.833000
 -0.345716 0.027933 -0.937923 0.000000 -0.606900 0.755682 0.246207 0.000000 0.715649 0.654343 -0.244299 0.000000 21.879107 8.932611 -7.860995 1.000000
 1.933000
 -0.210583 -0.093914 -0.973055 0.000000 -0.627584 0.776163 0.060907 0.000000 0.749529 0.623499 -0.222385 0.000000 20.645514 9.108912 -5.669404 1.000000
 2.033000
 -0.052844 -0.295736 -0.953807 0.000000 -0.644083 0.740009 -0.193762 0.000000 0.763128 0.604092 -0.229583 0.000000 18.510677 10.704769 -5.293757 1.000000
 2.133000
 0.081898 -0.485481 -0.870403 0.000000 -0.619212 0.659537 -0.426130 0.000000 0.780941 0.573863 -0.246601 0.000000 16.304363 11.966509 -6.761645 1.000000
 2.133000
 0.081898 -0.485481 -0.870403 0.000000 -0.619212 0.659537 -0.426130 0.000000 0.780941 0.573863 -0.246601 0.000000 16.304363 11.966509 -6.761645 1.000000
