m_aniFrameList.size 34
aniFrame
  m_time -1.066000
  m_vertexTransformMat 0.460211 -0.084737 -0.883757 0.000000 -0.631610 0.668304 -0.392986 0.000000 0.623919 0.739046 0.254041 0.000000 6.045798 4.170443 -1.813536 1.000000
aniFrame
  m_time -0.966000
  m_vertexTransformMat 0.545831 -0.424232 -0.722562 0.000000 -0.405830 0.620601 -0.670937 0.000000 0.733055 0.659456 0.166577 0.000000 4.340127 9.172535 -5.729474 1.000000
aniFrame
  m_time -0.866000
  m_vertexTransformMat 0.546202 -0.584270 -0.600244 0.000000 -0.295180 0.536359 -0.790689 0.000000 0.783921 0.609056 0.120495 0.000000 4.387720 12.106734 -8.007921 1.000000
aniFrame
  m_time -0.766000
  m_vertexTransformMat 0.490131 -0.446025 -0.748888 0.000000 -0.473976 0.584661 -0.658421 0.000000 0.731518 0.677668 0.075155 0.000000 4.661447 12.556497 -5.784948 1.000000
aniFrame
  m_time -0.666000
  m_vertexTransformMat 0.333091 -0.189124 -0.923733 0.000000 -0.728934 0.569766 -0.379501 0.000000 0.598084 0.799749 0.051925 0.000000 5.409623 11.964767 -3.500932 1.000000
aniFrame
  m_time -0.566000
  m_vertexTransformMat 0.106995 0.046223 -0.993184 0.000000 -0.879734 0.469844 -0.072906 0.000000 0.463271 0.881539 0.090935 0.000000 7.222835 10.777121 -2.524401 1.000000
aniFrame
  m_time -0.466000
  m_vertexTransformMat -0.052101 0.226092 -0.972712 0.000000 -0.840304 0.516385 0.165035 0.000000 0.539607 0.825972 0.163082 0.000000 11.159397 7.472334 -3.183439 1.000000
aniFrame
  m_time -0.366000
  m_vertexTransformMat -0.015846 0.401677 -0.915645 0.000000 -0.638293 0.700821 0.318484 0.000000 0.769630 0.589496 0.245282 0.000000 13.769540 0.641940 -4.300039 1.000000
aniFrame
  m_time -0.266000
  m_vertexTransformMat 0.105831 0.372515 -0.921972 0.000000 -0.614258 0.753617 0.233983 0.000000 0.781976 0.541566 0.308576 0.000000 12.558863 -0.840551 -2.728547 1.000000
aniFrame
  m_time -0.166000
  m_vertexTransformMat 0.243672 0.239327 -0.939865 0.000000 -0.661340 0.749833 0.019476 0.000000 0.709403 0.616825 0.340990 0.000000 10.409422 0.183080 -0.761095 1.000000
aniFrame
  m_time -0.066000
  m_vertexTransformMat 0.382652 0.050154 -0.922530 0.000000 -0.669340 0.703331 -0.239395 0.000000 0.636837 0.709091 0.302701 0.000000 7.694088 2.428662 -0.791987 1.000000
aniFrame
  m_time 0.033000
  m_vertexTransformMat 0.497105 -0.172831 -0.850304 0.000000 -0.584723 0.657307 -0.475444 0.000000 0.641082 0.733537 0.225693 0.000000 5.284751 5.365148 -2.677699 1.000000
aniFrame
  m_time 0.133000
  m_vertexTransformMat 0.558913 -0.506550 -0.656524 0.000000 -0.347368 0.575891 -0.740058 0.000000 0.752962 0.641683 0.145913 0.000000 4.092689 10.237593 -6.965733 1.000000
aniFrame
  m_time 0.233000
  m_vertexTransformMat 0.534866 -0.558097 -0.634387 0.000000 -0.334258 0.549799 -0.765502 0.000000 0.776009 0.621489 0.107521 0.000000 4.473743 12.389362 -7.464612 1.000000
aniFrame
  m_time 0.333000
  m_vertexTransformMat 0.450743 -0.367147 -0.813655 0.000000 -0.560661 0.592841 -0.578100 0.000000 0.694615 0.716759 0.061374 0.000000 4.818796 12.456530 -4.912534 1.000000
aniFrame
  m_time 0.433000
  m_vertexTransformMat 0.259266 -0.101771 -0.960429 0.000000 -0.796705 0.539577 -0.272245 0.000000 0.545932 0.835763 0.058813 0.000000 5.885160 11.615858 -3.009844 1.000000
aniFrame
  m_time 0.533000
  m_vertexTransformMat 0.041937 0.102513 -0.993848 0.000000 -0.893931 0.448125 0.008502 0.000000 0.446239 0.888074 0.110433 0.000000 8.074600 10.267522 -2.510446 1.000000
aniFrame
  m_time 0.633000
  m_vertexTransformMat -0.065932 0.297041 -0.952586 0.000000 -0.775274 0.585753 0.236313 0.000000 0.628175 0.754095 0.191668 0.000000 12.716227 5.146795 -3.761507 1.000000
aniFrame
  m_time 0.733000
  m_vertexTransformMat 0.024420 0.411969 -0.910871 0.000000 -0.607351 0.729829 0.313805 0.000000 0.794058 0.545555 0.268033 0.000000 13.517822 -0.456605 -4.031000 1.000000
aniFrame
  m_time 0.833000
  m_vertexTransformMat 0.150305 0.336789 -0.929506 0.000000 -0.629269 0.757735 0.172795 0.000000 0.762515 0.558937 0.325822 0.000000 11.926633 -0.687298 -1.966617 1.000000
aniFrame
  m_time 0.933000
  m_vertexTransformMat 0.291182 0.180366 -0.939511 0.000000 -0.671535 0.737987 -0.066451 0.000000 0.681362 0.650264 0.336010 0.000000 9.542879 0.840078 -0.505729 1.000000
aniFrame
  m_time 1.033000
  m_vertexTransformMat 0.423901 -0.017555 -0.905539 0.000000 -0.655050 0.684519 -0.319912 0.000000 0.625475 0.728784 0.278669 0.000000 6.818597 3.294210 -1.246606 1.000000
aniFrame
  m_time 1.133000
  m_vertexTransformMat 0.531390 -0.288404 -0.796522 0.000000 -0.509967 0.641891 -0.572634 0.000000 0.676431 0.710492 0.194018 0.000000 4.593432 6.984814 -3.995371 1.000000
aniFrame
  m_time 1.233000
  m_vertexTransformMat 0.554538 -0.569914 -0.606372 0.000000 -0.298277 0.544127 -0.784192 0.000000 0.776865 0.615730 0.131747 0.000000 4.238437 11.402017 -7.881463 1.000000
aniFrame
  m_time 1.333000
  m_vertexTransformMat 0.517276 -0.511003 -0.686514 0.000000 -0.396040 0.568183 -0.721333 0.000000 0.758669 0.645015 0.091530 0.000000 4.554222 12.536661 -6.680031 1.000000
aniFrame
  m_time 1.433000
  m_vertexTransformMat 0.398031 -0.279534 -0.873746 0.000000 -0.648178 0.588306 -0.483489 0.000000 0.649182 0.758787 0.052976 0.000000 5.058208 12.252194 -4.144631 1.000000
aniFrame
  m_time 1.533000
  m_vertexTransformMat 0.181763 -0.022290 -0.983090 0.000000 -0.847479 0.503508 -0.168106 0.000000 0.498740 0.863704 0.072629 0.000000 6.489935 11.219924 -2.684943 1.000000
aniFrame
  m_time 1.633000
  m_vertexTransformMat -0.012553 0.158968 -0.987204 0.000000 -0.882348 0.462723 0.085731 0.000000 0.470430 0.872134 0.134456 0.000000 9.401391 9.260968 -2.713231 1.000000
aniFrame
  m_time 1.733000
  m_vertexTransformMat -0.051167 0.359953 -0.931567 0.000000 -0.701289 0.651168 0.290127 0.000000 0.711038 0.668142 0.219113 0.000000 13.600528 2.692037 -4.193519 1.000000
aniFrame
  m_time 1.833000
  m_vertexTransformMat 0.063491 0.396652 -0.915771 0.000000 -0.603878 0.745835 0.281179 0.000000 0.794544 0.535161 0.286883 0.000000 13.086820 -0.752169 -3.456295 1.000000
aniFrame
  m_time 1.933000
  m_vertexTransformMat 0.195265 0.277744 -0.940601 0.000000 -0.629593 0.770856 0.096919 0.000000 0.751986 0.573271 0.325387 0.000000 11.223385 -0.005553 -1.350759 1.000000
aniFrame
  m_time 2.033000
  m_vertexTransformMat 0.335637 0.095035 -0.937185 0.000000 -0.651638 0.741861 -0.158145 0.000000 0.680232 0.663785 0.310924 0.000000 8.702119 2.163670 -0.673969 1.000000
aniFrame
  m_time 2.133000
  m_vertexTransformMat 0.460211 -0.084737 -0.883757 0.000000 -0.631610 0.668304 -0.392986 0.000000 0.623919 0.739046 0.254040 0.000000 6.045797 4.170444 -1.813537 1.000000
aniFrame
  m_time 2.133000
  m_vertexTransformMat 0.460211 -0.084737 -0.883757 0.000000 -0.631610 0.668304 -0.392986 0.000000 0.623919 0.739046 0.254040 0.000000 6.045797 4.170444 -1.813537 1.000000
