m_aniFrameList.size 34
aniFrame
  m_time -1.066000
  m_vertexTransformMat -0.394043 0.919070 0.006284 0.000000 0.916662 0.393489 -0.069976 0.000000 -0.066786 -0.021814 -0.997529 0.000000 -14.539123 25.582224 -36.957001 1.000000
aniFrame
  m_time -0.966000
  m_vertexTransformMat -0.621142 0.775200 0.115096 0.000000 0.782890 0.607104 0.136047 0.000000 0.035588 0.174612 -0.983994 0.000000 -19.731905 24.435879 -35.400410 1.000000
aniFrame
  m_time -0.866000
  m_vertexTransformMat -0.754603 0.628186 0.189626 0.000000 0.656138 0.719003 0.229168 0.000000 0.007619 0.297352 -0.954738 0.000000 -24.014532 21.840986 -33.186905 1.000000
aniFrame
  m_time -0.766000
  m_vertexTransformMat -0.735136 0.635279 0.236634 0.000000 0.666832 0.740502 0.083617 0.000000 -0.122108 0.219265 -0.967994 0.000000 -26.490700 19.080873 -31.049753 1.000000
aniFrame
  m_time -0.666000
  m_vertexTransformMat -0.666772 0.708418 0.231428 0.000000 0.693366 0.703525 -0.155874 0.000000 -0.273239 0.056532 -0.960284 0.000000 -28.051277 16.111277 -30.205351 1.000000
aniFrame
  m_time -0.566000
  m_vertexTransformMat -0.626143 0.762495 0.162930 0.000000 0.663715 0.630889 -0.401823 0.000000 -0.409179 -0.143460 -0.901106 0.000000 -29.474239 12.394253 -30.597229 1.000000
aniFrame
  m_time -0.466000
  m_vertexTransformMat -0.696618 0.713490 0.075207 0.000000 0.515085 0.570349 -0.639836 0.000000 -0.499410 -0.406983 -0.764823 0.000000 -31.928654 6.086008 -30.626503 1.000000
aniFrame
  m_time -0.366000
  m_vertexTransformMat -0.811372 0.584166 0.020635 0.000000 0.309527 0.459325 -0.832595 0.000000 -0.495852 -0.669157 -0.553499 0.000000 -33.855610 -0.864200 -28.637722 1.000000
aniFrame
  m_time -0.266000
  m_vertexTransformMat -0.783581 0.620830 -0.023913 0.000000 0.408254 0.485502 -0.773057 0.000000 -0.468326 -0.615515 -0.633887 0.000000 -32.481937 2.782407 -30.958557 1.000000
aniFrame
  m_time -0.166000
  m_vertexTransformMat -0.647385 0.759163 -0.067560 0.000000 0.660321 0.514405 -0.547142 0.000000 -0.380616 -0.398823 -0.834309 0.000000 -27.037746 12.278743 -35.339321 1.000000
aniFrame
  m_time -0.066000
  m_vertexTransformMat -0.463546 0.885140 -0.040659 0.000000 0.863981 0.441329 -0.242418 0.000000 -0.196630 -0.147500 -0.969320 0.000000 -18.631159 21.773336 -37.293552 1.000000
aniFrame
  m_time 0.033000
  m_vertexTransformMat -0.413056 0.910017 0.035435 0.000000 0.910657 0.413123 0.005736 0.000000 -0.009419 0.034639 -0.999356 0.000000 -14.232962 26.414757 -36.573196 1.000000
aniFrame
  m_time 0.133000
  m_vertexTransformMat -0.658683 0.739753 0.137486 0.000000 0.749432 0.628752 0.207420 0.000000 0.066995 0.239660 -0.968543 0.000000 -20.239044 24.619251 -34.821022 1.000000
aniFrame
  m_time 0.233000
  m_vertexTransformMat -0.758066 0.618331 0.207370 0.000000 0.651432 0.733102 0.195441 0.000000 -0.031176 0.283245 -0.958541 0.000000 -24.980545 20.907444 -32.468437 1.000000
aniFrame
  m_time 0.333000
  m_vertexTransformMat -0.714036 0.656579 0.243015 0.000000 0.678726 0.734320 0.010270 0.000000 -0.171707 0.172273 -0.969968 0.000000 -27.078465 18.145994 -30.560427 1.000000
aniFrame
  m_time 0.433000
  m_vertexTransformMat -0.646543 0.732367 0.213592 0.000000 0.691422 0.680858 -0.241596 0.000000 -0.322363 -0.008520 -0.946578 0.000000 -28.498596 14.969582 -30.267952 1.000000
aniFrame
  m_time 0.533000
  m_vertexTransformMat -0.629792 0.764695 0.136396 0.000000 0.637690 0.609262 -0.471329 0.000000 -0.443524 -0.209861 -0.871347 0.000000 -30.038824 10.971488 -30.717525 1.000000
aniFrame
  m_time 0.633000
  m_vertexTransformMat -0.744411 0.665892 0.049397 0.000000 0.431136 0.535827 -0.725955 0.000000 -0.509876 -0.519113 -0.685966 0.000000 -32.855080 3.096520 -30.095074 1.000000
aniFrame
  m_time 0.733000
  m_vertexTransformMat -0.817691 0.575576 0.009718 0.000000 0.307516 0.451018 -0.837864 0.000000 -0.486638 -0.682125 -0.545792 0.000000 -33.785652 -0.786349 -28.743748 1.000000
aniFrame
  m_time 0.833000
  m_vertexTransformMat -0.749141 0.661018 -0.042934 0.000000 0.485926 0.504344 -0.713803 0.000000 -0.450183 -0.555601 -0.699030 0.000000 -31.183878 5.564094 -32.478905 1.000000
aniFrame
  m_time 0.933000
  m_vertexTransformMat -0.585055 0.808170 -0.067623 0.000000 0.741887 0.499655 -0.447157 0.000000 -0.327590 -0.311780 -0.891896 0.000000 -24.320951 15.750345 -36.378731 1.000000
aniFrame
  m_time 1.033000
  m_vertexTransformMat -0.418597 0.907997 -0.017861 0.000000 0.899033 0.411521 -0.149631 0.000000 -0.128515 -0.078692 -0.988581 0.000000 -16.227905 23.998640 -37.226448 1.000000
aniFrame
  m_time 1.133000
  m_vertexTransformMat -0.480106 0.874406 0.070098 0.000000 0.876299 0.474430 0.083765 0.000000 0.039988 0.101643 -0.994017 0.000000 -15.475499 26.492735 -36.104229 1.000000
aniFrame
  m_time 1.233000
  m_vertexTransformMat -0.724299 0.669001 0.166821 0.000000 0.688162 0.686441 0.235015 0.000000 0.042713 0.285021 -0.957569 0.000000 -22.484636 23.105930 -33.972385 1.000000
aniFrame
  m_time 1.333000
  m_vertexTransformMat -0.750704 0.621522 0.223952 0.000000 0.656381 0.740126 0.146208 0.000000 -0.074881 0.256757 -0.963571 0.000000 -25.801439 19.994194 -31.719868 1.000000
aniFrame
  m_time 1.433000
  m_vertexTransformMat -0.690253 0.682090 0.241462 0.000000 0.688502 0.721778 -0.070722 0.000000 -0.222521 0.117431 -0.967830 0.000000 -27.590130 17.164127 -30.290737 1.000000
aniFrame
  m_time 1.533000
  m_vertexTransformMat -0.632260 0.751144 0.189816 0.000000 0.681648 0.655773 -0.324527 0.000000 -0.368243 -0.075798 -0.926635 0.000000 -28.964832 13.730176 -30.422071 1.000000
aniFrame
  m_time 1.633000
  m_vertexTransformMat -0.653483 0.749365 0.106831 0.000000 0.589549 0.592395 -0.549090 0.000000 -0.474755 -0.295839 -0.828907 0.000000 -30.877186 8.921309 -30.780699 1.000000
aniFrame
  m_time 1.733000
  m_vertexTransformMat -0.785171 0.618447 0.032091 0.000000 0.356459 0.493714 -0.793211 0.000000 -0.506403 -0.611366 -0.608101 0.000000 -33.519539 0.592565 -29.288822 1.000000
aniFrame
  m_time 1.833000
  m_vertexTransformMat -0.807988 0.589193 -0.002801 0.000000 0.342958 0.466439 -0.815361 0.000000 -0.479098 -0.659763 -0.578945 0.000000 -33.364372 0.515274 -29.553791 1.000000
aniFrame
  m_time 1.933000
  m_vertexTransformMat -0.729869 0.682587 -0.036973 0.000000 0.535390 0.537172 -0.651769 0.000000 -0.425028 -0.495501 -0.757516 0.000000 -30.164190 7.556324 -33.221806 1.000000
aniFrame
  m_time 2.033000
  m_vertexTransformMat -0.579250 0.814289 -0.037459 0.000000 0.765921 0.527965 -0.366903 0.000000 -0.278987 -0.241219 -0.929505 0.000000 -23.378002 17.273115 -36.421925 1.000000
aniFrame
  m_time 2.133000
  m_vertexTransformMat -0.394043 0.919070 0.006284 0.000000 0.916662 0.393489 -0.069977 0.000000 -0.066786 -0.021814 -0.997529 0.000000 -14.539123 25.582224 -36.957001 1.000000
aniFrame
  m_time 2.133000
  m_vertexTransformMat -0.394043 0.919070 0.006284 0.000000 0.916662 0.393489 -0.069977 0.000000 -0.066786 -0.021814 -0.997529 0.000000 -14.539123 25.582224 -36.957001 1.000000
