m_aniFrameList.size 34
aniFrame
  m_time -1.066000
  m_vertexTransformMat -0.223878 0.047680 -0.973451 0.000000 0.771225 0.619348 -0.147034 0.000000 0.595894 -0.783667 -0.175430 0.000000 -3.362377 -3.769462 -53.678612 1.000000
aniFrame
  m_time -0.966000
  m_vertexTransformMat -0.135810 0.197755 -0.970798 0.000000 0.590990 0.802621 0.080820 0.000000 0.795165 -0.562756 -0.225875 0.000000 0.309858 2.840930 -55.351337 1.000000
aniFrame
  m_time -0.866000
  m_vertexTransformMat -0.165165 0.286894 -0.943617 0.000000 0.431616 0.881301 0.192400 0.000000 0.886808 -0.375503 -0.269388 0.000000 -0.217256 6.894166 -55.012035 1.000000
aniFrame
  m_time -0.766000
  m_vertexTransformMat -0.291754 0.208331 -0.933530 0.000000 0.436447 0.897459 0.063879 0.000000 0.851113 -0.388799 -0.352763 0.000000 -5.457894 2.613620 -54.555138 1.000000
aniFrame
  m_time -0.666000
  m_vertexTransformMat -0.435143 0.061631 -0.898250 0.000000 0.467680 0.867977 -0.167006 0.000000 0.769367 -0.492765 -0.406518 0.000000 -11.679370 -5.351014 -53.386894 1.000000
aniFrame
  m_time -0.566000
  m_vertexTransformMat -0.560412 -0.119946 -0.819482 0.000000 0.438830 0.796145 -0.416630 0.000000 0.702400 -0.593098 -0.393534 0.000000 -16.630640 -14.075590 -50.608269 1.000000
aniFrame
  m_time -0.466000
  m_vertexTransformMat -0.640572 -0.378512 -0.668129 0.000000 0.270003 0.703495 -0.657415 0.000000 0.718864 -0.601518 -0.348440 0.000000 -18.341681 -23.200430 -45.584846 1.000000
aniFrame
  m_time -0.366000
  m_vertexTransformMat -0.627191 -0.639887 -0.444044 0.000000 0.042421 0.541206 -0.839820 0.000000 0.777709 -0.545564 -0.312295 0.000000 -16.569023 -30.409229 -38.349472 1.000000
aniFrame
  m_time -0.266000
  m_vertexTransformMat -0.608264 -0.585534 -0.535878 0.000000 0.146889 0.580435 -0.800950 0.000000 0.780025 -0.565903 -0.267049 0.000000 -15.627390 -27.031433 -40.608040 1.000000
aniFrame
  m_time -0.166000
  m_vertexTransformMat -0.534553 -0.358103 -0.765517 0.000000 0.432285 0.662478 -0.611763 0.000000 0.726212 -0.657941 -0.199327 0.000000 -13.051497 -18.302998 -46.966686 1.000000
aniFrame
  m_time -0.066000
  m_vertexTransformMat -0.354286 -0.086050 -0.931170 0.000000 0.691622 0.646087 -0.322849 0.000000 0.629397 -0.758398 -0.169385 0.000000 -7.411068 -8.599588 -52.046486 1.000000
aniFrame
  m_time 0.033000
  m_vertexTransformMat -0.169057 0.099819 -0.980539 0.000000 0.765112 0.640431 -0.066719 0.000000 0.621308 -0.761501 -0.184642 0.000000 -1.505981 -1.718847 -54.253075 1.000000
aniFrame
  m_time 0.133000
  m_vertexTransformMat -0.105644 0.254799 -0.961206 0.000000 0.551477 0.819362 0.156587 0.000000 0.827474 -0.513540 -0.227076 0.000000 1.509739 5.215614 -55.230385 1.000000
aniFrame
  m_time 0.233000
  m_vertexTransformMat -0.203255 0.270090 -0.941137 0.000000 0.423011 0.891091 0.164371 0.000000 0.883034 -0.364702 -0.295370 0.000000 -1.716588 6.035186 -54.910759 1.000000
aniFrame
  m_time 0.333000
  m_vertexTransformMat -0.339358 0.165460 -0.925991 0.000000 0.449406 0.893313 -0.005078 0.000000 0.826360 -0.417869 -0.377512 0.000000 -7.533665 0.230071 -54.289604 1.000000
aniFrame
  m_time 0.433000
  m_vertexTransformMat -0.480750 0.003256 -0.876852 0.000000 0.467150 0.847215 -0.252978 0.000000 0.742059 -0.531241 -0.408820 0.000000 -13.577499 -8.321867 -52.649273 1.000000
aniFrame
  m_time 0.533000
  m_vertexTransformMat -0.591621 -0.182512 -0.785286 0.000000 0.410052 0.770523 -0.488008 0.000000 0.694148 -0.610724 -0.381018 0.000000 -17.646091 -16.665274 -49.390591 1.000000
aniFrame
  m_time 0.633000
  m_vertexTransformMat -0.646964 -0.490863 -0.583517 0.000000 0.175841 0.648581 -0.740556 0.000000 0.741969 -0.581719 -0.333295 0.000000 -17.925516 -26.545084 -42.922256 1.000000
aniFrame
  m_time 0.733000
  m_vertexTransformMat -0.618674 -0.652760 -0.437205 0.000000 0.039570 0.529893 -0.847141 0.000000 0.784651 -0.541404 -0.302001 0.000000 -16.147135 -30.274740 -37.983349 1.000000
aniFrame
  m_time 0.833000
  m_vertexTransformMat -0.595248 -0.523690 -0.609449 0.000000 0.232114 0.614058 -0.754358 0.000000 0.769287 -0.590492 -0.243961 0.000000 -15.123411 -24.524607 -42.617157 1.000000
aniFrame
  m_time 0.933000
  m_vertexTransformMat -0.484128 -0.264453 -0.834078 0.000000 0.531475 0.668370 -0.520401 0.000000 0.695093 -0.695232 -0.183026 0.000000 -11.429261 -14.929766 -48.971977 1.000000
aniFrame
  m_time 1.033000
  m_vertexTransformMat -0.285684 -0.011872 -0.958250 0.000000 0.742752 0.629105 -0.229231 0.000000 0.605561 -0.777230 -0.170907 0.000000 -5.298803 -5.949514 -53.028854 1.000000
aniFrame
  m_time 1.133000
  m_vertexTransformMat -0.124771 0.154077 -0.980149 0.000000 0.718401 0.695400 0.017864 0.000000 0.684348 -0.701911 -0.197454 0.000000 0.186060 0.582680 -54.797482 1.000000
aniFrame
  m_time 1.233000
  m_vertexTransformMat -0.130572 0.283741 -0.949970 0.000000 0.473268 0.859795 0.191757 0.000000 0.871188 -0.424551 -0.246551 0.000000 0.935861 6.674032 -55.127201 1.000000
aniFrame
  m_time 1.333000
  m_vertexTransformMat -0.245961 0.243571 -0.938177 0.000000 0.426145 0.896522 0.121034 0.000000 0.870577 -0.370030 -0.324306 0.000000 -3.494321 4.581536 -54.761036 1.000000
aniFrame
  m_time 1.433000
  m_vertexTransformMat -0.387569 0.116139 -0.914496 0.000000 0.460939 0.883528 -0.083143 0.000000 0.798327 -0.453751 -0.395961 0.000000 -9.637624 -2.462317 -53.924709 1.000000
aniFrame
  m_time 1.533000
  m_vertexTransformMat -0.522985 -0.057677 -0.850388 0.000000 0.457788 0.822581 -0.337328 0.000000 0.718969 -0.565715 -0.403794 0.000000 -15.252558 -11.264185 -51.713135 1.000000
aniFrame
  m_time 1.633000
  m_vertexTransformMat -0.619668 -0.267132 -0.738006 0.000000 0.354977 0.743241 -0.567084 0.000000 0.700003 -0.613379 -0.365737 0.000000 -18.249685 -19.655527 -47.809052 1.000000
aniFrame
  m_time 1.733000
  m_vertexTransformMat -0.639839 -0.582720 -0.501043 0.000000 0.093586 0.588035 -0.803403 0.000000 0.762790 -0.560939 -0.321713 0.000000 -17.239079 -29.078611 -40.271564 1.000000
aniFrame
  m_time 1.833000
  m_vertexTransformMat -0.614220 -0.630844 -0.474099 0.000000 0.076810 0.550138 -0.831534 0.000000 0.785388 -0.547161 -0.289451 0.000000 -15.911152 -29.033276 -38.951733 1.000000
aniFrame
  m_time 1.933000
  m_vertexTransformMat -0.573899 -0.465664 -0.673645 0.000000 0.286797 0.656215 -0.697947 0.000000 0.767064 -0.593750 -0.243051 0.000000 -14.300225 -22.219799 -44.525417 1.000000
aniFrame
  m_time 2.033000
  m_vertexTransformMat -0.438370 -0.197533 -0.876820 0.000000 0.560074 0.702954 -0.438376 0.000000 0.702957 -0.683255 -0.197520 0.000000 -9.866750 -12.433956 -50.598999 1.000000
aniFrame
  m_time 2.133000
  m_vertexTransformMat -0.223878 0.047680 -0.973451 0.000000 0.771226 0.619349 -0.147034 0.000000 0.595894 -0.783667 -0.175430 0.000000 -3.362377 -3.769464 -53.678612 1.000000
aniFrame
  m_time 2.133000
  m_vertexTransformMat -0.223878 0.047680 -0.973451 0.000000 0.771226 0.619349 -0.147034 0.000000 0.595894 -0.783667 -0.175430 0.000000 -3.362377 -3.769464 -53.678612 1.000000
