 34
 -1.066000
 -0.671686 -0.628056 -0.392916 0.000000 -0.542606 0.778167 -0.316282 0.000000 0.504397 0.000756 -0.863472 0.000000 32.235641 9.950244 -24.833708 1.000000
 -0.966000
 -0.735272 -0.588407 -0.336383 0.000000 -0.305792 0.730916 -0.610125 0.000000 0.604869 -0.345744 -0.717352 0.000000 34.053013 3.118191 -23.887983 1.000000
 -0.866000
 -0.767657 -0.566867 -0.298940 0.000000 -0.188642 0.645674 -0.739946 0.000000 0.612468 -0.511632 -0.602591 0.000000 34.461475 0.507921 -22.508955 1.000000
 -0.766000
 -0.749678 -0.614012 -0.246925 0.000000 -0.371284 0.699073 -0.611101 0.000000 0.547842 -0.366450 -0.752053 0.000000 32.821918 6.206209 -26.178667 1.000000
 -0.666000
 -0.673368 -0.712926 -0.195733 0.000000 -0.638113 0.694159 -0.333100 0.000000 0.373345 -0.099399 -0.922351 0.000000 27.515518 15.668000 -30.829626 1.000000
 -0.566000
 -0.585457 -0.787712 -0.191702 0.000000 -0.799850 0.599801 -0.021868 0.000000 0.132209 0.140530 -0.981209 0.000000 20.672045 23.560141 -32.606873 1.000000
 -0.466000
 -0.668765 -0.709260 -0.222942 0.000000 -0.743257 0.630561 0.223525 0.000000 -0.017959 0.315189 -0.948859 0.000000 20.516054 25.005045 -32.411842 1.000000
 -0.366000
 -0.859476 -0.431442 -0.274151 0.000000 -0.509238 0.769325 0.385767 0.000000 0.044475 0.471165 -0.880923 0.000000 26.945223 19.615847 -31.051390 1.000000
 -0.266000
 -0.856679 -0.378598 -0.350380 0.000000 -0.487982 0.815005 0.312475 0.000000 0.167259 0.438670 -0.882946 0.000000 29.711901 16.303461 -28.440395 1.000000
 -0.166000
 -0.780227 -0.465348 -0.417968 0.000000 -0.550773 0.827839 0.106454 0.000000 0.296472 0.313264 -0.902203 0.000000 31.060163 14.202291 -25.786098 1.000000
 -0.066000
 -0.697467 -0.580721 -0.419885 0.000000 -0.575027 0.803187 -0.155676 0.000000 0.427651 0.132866 -0.894126 0.000000 31.737022 11.942997 -24.888824 1.000000
 0.033000
 -0.677737 -0.632435 -0.375097 0.000000 -0.494977 0.769636 -0.403310 0.000000 0.543756 -0.087674 -0.834651 0.000000 32.734871 8.292727 -24.749466 1.000000
 0.133000
 -0.744355 -0.585560 -0.321022 0.000000 -0.245450 0.686983 -0.683966 0.000000 0.621039 -0.430319 -0.655085 0.000000 34.304512 1.456724 -23.071152 1.000000
 0.233000
 -0.767125 -0.574563 -0.285301 0.000000 -0.228040 0.659937 -0.715878 0.000000 0.599597 -0.484107 -0.637277 0.000000 34.210922 1.760406 -23.338085 1.000000
 0.333000
 -0.730774 -0.643936 -0.226529 0.000000 -0.461189 0.710404 -0.531631 0.000000 0.503263 -0.284030 -0.816121 0.000000 31.492558 9.170458 -27.868011 1.000000
 0.433000
 -0.639613 -0.745148 -0.188811 0.000000 -0.710486 0.666829 -0.224829 0.000000 0.293436 -0.009656 -0.955930 0.000000 25.111719 18.747658 -31.797329 1.000000
 0.533000
 -0.576912 -0.792447 -0.197992 0.000000 -0.814173 0.577350 0.061556 0.000000 0.065531 0.196713 -0.978269 0.000000 19.248106 25.021980 -32.621937 1.000000
 0.633000
 -0.746761 -0.621097 -0.237878 0.000000 -0.664733 0.685239 0.297619 0.000000 -0.021847 0.380376 -0.924574 0.000000 22.702940 23.630169 -32.184616 1.000000
 0.733000
 -0.874894 -0.382695 -0.296824 0.000000 -0.476335 0.790722 0.384530 0.000000 0.087547 0.477811 -0.874089 0.000000 28.226530 18.091602 -30.277143 1.000000
 0.833000
 -0.835870 -0.398283 -0.377746 0.000000 -0.507446 0.823074 0.255045 0.000000 0.209332 0.404870 -0.890090 0.000000 30.265928 15.558293 -27.441965 1.000000
 0.933000
 -0.749941 -0.505490 -0.426696 0.000000 -0.566933 0.823500 0.020848 0.000000 0.340846 0.257543 -0.904155 0.000000 31.332558 13.514709 -25.280836 1.000000
 1.033000
 -0.680258 -0.609254 -0.407503 0.000000 -0.564187 0.790142 -0.239520 0.000000 0.467914 0.066973 -0.881233 0.000000 31.957996 11.007181 -24.863617 1.000000
 1.133000
 -0.697475 -0.622787 -0.354492 0.000000 -0.416905 0.754995 -0.506134 0.000000 0.582854 -0.205227 -0.786234 0.000000 33.387810 5.940499 -24.465723 1.000000
 1.233000
 -0.760451 -0.570882 -0.309528 0.000000 -0.193102 0.653866 -0.731554 0.000000 0.620021 -0.496540 -0.607472 0.000000 34.485229 0.331582 -22.435486 1.000000
 1.333000
 -0.761504 -0.590467 -0.267323 0.000000 -0.291096 0.680057 -0.672895 0.000000 0.579117 -0.434595 -0.689748 0.000000 33.698578 3.690880 -24.613287 1.000000
 1.433000
 -0.704834 -0.677970 -0.208727 0.000000 -0.552766 0.709327 -0.437385 0.000000 0.444589 -0.192907 -0.874716 0.000000 29.697235 12.398570 -29.485117 1.000000
 1.533000
 -0.608369 -0.771087 -0.187914 0.000000 -0.765174 0.632719 -0.119061 0.000000 0.210703 0.071354 -0.974943 0.000000 22.731295 21.431292 -32.369774 1.000000
 1.633000
 -0.603830 -0.769299 -0.208729 0.000000 -0.796993 0.587229 0.141299 0.000000 0.013870 0.251676 -0.967712 0.000000 19.151342 25.528376 -32.538589 1.000000
 1.733000
 -0.815115 -0.520458 -0.254386 0.000000 -0.579295 0.734108 0.354264 0.000000 0.002367 0.436130 -0.899881 0.000000 25.013014 21.676126 -31.736258 1.000000
 1.833000
 -0.871252 -0.371333 -0.320987 0.000000 -0.474243 0.805451 0.355448 0.000000 0.126550 0.461911 -0.877852 0.000000 29.036755 17.095703 -29.461977 1.000000
 1.933000
 -0.821465 -0.415682 -0.390390 0.000000 -0.511035 0.840398 0.180484 0.000000 0.253058 0.347764 -0.902785 0.000000 30.842964 14.520031 -26.910919 1.000000
 2.033000
 -0.741607 -0.525960 -0.416395 0.000000 -0.549076 0.832519 -0.073663 0.000000 0.385400 0.174004 -0.906195 0.000000 31.821274 12.301178 -25.412144 1.000000
 2.133000
 -0.671686 -0.628056 -0.392916 0.000000 -0.542606 0.778167 -0.316282 0.000000 0.504397 0.000756 -0.863471 0.000000 32.235638 9.950243 -24.833712 1.000000
 2.133000
 -0.671686 -0.628056 -0.392916 0.000000 -0.542606 0.778167 -0.316282 0.000000 0.504397 0.000756 -0.863471 0.000000 32.235638 9.950243 -24.833712 1.000000
