m_aniFrameList.size 34
aniFrame
  m_time -1.066000
  m_vertexTransformMat 0.976880 0.131925 0.168229 0.000000 -0.089959 0.967499 -0.236334 0.000000 -0.193940 0.215736 0.956998 0.000000 -0.738526 -1.219529 -0.287199 1.000000
aniFrame
  m_time -0.966000
  m_vertexTransformMat 0.999121 0.010449 0.040603 0.000000 -0.002693 0.982439 -0.186565 0.000000 -0.041839 0.186292 0.981603 0.000000 -1.332349 -1.330223 -1.866806 1.000000
aniFrame
  m_time -0.866000
  m_vertexTransformMat 0.997028 -0.046649 -0.061320 0.000000 0.040014 0.993636 -0.105292 0.000000 0.065841 0.102525 0.992549 0.000000 -1.391032 -1.194562 -2.171244 1.000000
aniFrame
  m_time -0.766000
  m_vertexTransformMat 0.991386 -0.042573 -0.123863 0.000000 0.030680 0.994870 -0.096391 0.000000 0.127331 0.091761 0.987606 0.000000 -1.213909 -1.310713 -1.421289 1.000000
aniFrame
  m_time -0.666000
  m_vertexTransformMat 0.992555 0.001431 -0.121788 0.000000 -0.026157 0.979104 -0.201673 0.000000 0.118955 0.203357 0.971851 0.000000 -0.788013 -1.722591 -1.030065 1.000000
aniFrame
  m_time -0.566000
  m_vertexTransformMat 0.995017 0.073760 -0.067088 0.000000 -0.085997 0.975378 -0.203084 0.000000 0.050457 0.207841 0.976860 0.000000 -0.124044 -1.751072 -1.074826 1.000000
aniFrame
  m_time -0.466000
  m_vertexTransformMat 0.989627 0.143168 -0.011896 0.000000 -0.143379 0.979098 -0.144256 0.000000 -0.009005 0.144466 0.989469 0.000000 0.778418 -1.300748 -1.442469 1.000000
aniFrame
  m_time -0.366000
  m_vertexTransformMat 0.982862 0.183326 -0.019364 0.000000 -0.184261 0.973805 -0.133232 0.000000 -0.005568 0.134517 0.990896 0.000000 1.173588 -0.723515 -1.676865 1.000000
aniFrame
  m_time -0.266000
  m_vertexTransformMat 0.981637 0.173628 -0.079005 0.000000 -0.189141 0.939723 -0.284864 0.000000 0.024782 0.294576 0.955307 0.000000 1.044552 -0.711796 -1.132162 1.000000
aniFrame
  m_time -0.166000
  m_vertexTransformMat 0.986956 0.160669 0.010166 0.000000 -0.151428 0.947918 -0.280217 0.000000 -0.054659 0.275022 0.959883 0.000000 0.844100 -0.963358 -0.175673 1.000000
aniFrame
  m_time -0.066000
  m_vertexTransformMat 0.979990 0.153885 0.126255 0.000000 -0.117627 0.959402 -0.256344 0.000000 -0.160577 0.236364 0.958305 0.000000 -0.006644 -1.169008 -0.026641 1.000000
aniFrame
  m_time 0.033000
  m_vertexTransformMat 0.984388 0.100053 0.144813 0.000000 -0.065767 0.972216 -0.224658 0.000000 -0.163267 0.211627 0.963617 0.000000 -0.996403 -1.288274 -0.674457 1.000000
aniFrame
  m_time 0.133000
  m_vertexTransformMat 0.999824 -0.018445 0.003361 0.000000 0.018748 0.985322 -0.169672 0.000000 -0.000182 0.169705 0.985495 0.000000 -1.462097 -1.397611 -2.156934 1.000000
aniFrame
  m_time 0.233000
  m_vertexTransformMat 0.994654 -0.049939 -0.090383 0.000000 0.042588 0.995763 -0.081506 0.000000 0.094071 0.077221 0.992566 0.000000 -1.364708 -1.163455 -1.969757 1.000000
aniFrame
  m_time 0.333000
  m_vertexTransformMat 0.991235 -0.031304 -0.128348 0.000000 0.013893 0.990834 -0.134368 0.000000 0.131378 0.131407 0.982585 0.000000 -1.097244 -1.454613 -1.204303 1.000000
aniFrame
  m_time 0.433000
  m_vertexTransformMat 0.993742 0.022529 -0.109403 0.000000 -0.045371 0.976422 -0.211048 0.000000 0.102068 0.214691 0.971334 0.000000 -0.588229 -1.788925 -1.025559 1.000000
aniFrame
  m_time 0.533000
  m_vertexTransformMat 0.994106 0.097725 -0.046948 0.000000 -0.105047 0.975343 -0.194089 0.000000 0.026823 0.197877 0.979860 0.000000 0.117377 -1.664107 -1.117465 1.000000
aniFrame
  m_time 0.633000
  m_vertexTransformMat 0.986773 0.162107 -0.000696 0.000000 -0.161076 0.979993 -0.116915 0.000000 -0.018271 0.115480 0.993142 0.000000 1.073430 -1.072933 -1.632091 1.000000
aniFrame
  m_time 0.733000
  m_vertexTransformMat 0.981706 0.184131 -0.048467 0.000000 -0.190003 0.963874 -0.186670 0.000000 0.012344 0.192464 0.981227 0.000000 1.129703 -0.645917 -1.585754 1.000000
aniFrame
  m_time 0.833000
  m_vertexTransformMat 0.983608 0.169643 -0.061132 0.000000 -0.180184 0.937882 -0.296497 0.000000 0.007036 0.302652 0.953075 0.000000 0.994010 -0.783651 -0.788721 1.000000
aniFrame
  m_time 0.933000
  m_vertexTransformMat 0.986705 0.155857 0.046078 0.000000 -0.137822 0.952656 -0.271021 0.000000 -0.086137 0.261067 0.961470 0.000000 0.679219 -1.064944 -0.040211 1.000000
aniFrame
  m_time 1.033000
  m_vertexTransformMat 0.976138 0.148004 0.158904 0.000000 -0.105902 0.963296 -0.246671 0.000000 -0.189579 0.223956 0.955983 0.000000 -0.410461 -1.186863 -0.112236 1.000000
aniFrame
  m_time 1.133000
  m_vertexTransformMat 0.993478 0.056855 0.098838 0.000000 -0.034997 0.977024 -0.210237 0.000000 -0.108520 0.205407 0.972641 0.000000 -1.229180 -1.368160 -1.246904 1.000000
aniFrame
  m_time 1.233000
  m_vertexTransformMat 0.998906 -0.036744 -0.028946 0.000000 0.032402 0.989850 -0.138377 0.000000 0.033737 0.137287 0.989957 0.000000 -1.435596 -1.312272 -2.246131 1.000000
aniFrame
  m_time 1.333000
  m_vertexTransformMat 0.992553 -0.048656 -0.111675 0.000000 0.040321 0.996314 -0.075723 0.000000 0.114947 0.070656 0.990856 0.000000 -1.308479 -1.203654 -1.700895 1.000000
aniFrame
  m_time 1.433000
  m_vertexTransformMat 0.991754 -0.016123 -0.127139 0.000000 -0.006352 0.984652 -0.174417 0.000000 0.128000 0.173786 0.976430 0.000000 -0.957095 -1.602016 -1.081485 1.000000
aniFrame
  m_time 1.533000
  m_vertexTransformMat 0.994839 0.047686 -0.089567 0.000000 -0.065673 0.975472 -0.210099 0.000000 0.077352 0.214896 0.973569 0.000000 -0.362588 -1.795717 -1.042355 1.000000
aniFrame
  m_time 1.633000
  m_vertexTransformMat 0.992266 0.120727 -0.028878 0.000000 -0.123930 0.976758 -0.174886 0.000000 0.007094 0.177113 0.984165 0.000000 0.421857 -1.512686 -1.238360 1.000000
aniFrame
  m_time 1.733000
  m_vertexTransformMat 0.984425 0.175803 -0.000648 0.000000 -0.174847 0.978672 -0.107846 0.000000 -0.018325 0.106280 0.994168 0.000000 1.195052 -0.868256 -1.707870 1.000000
aniFrame
  m_time 1.833000
  m_vertexTransformMat 0.981129 0.179238 -0.072523 0.000000 -0.191729 0.950382 -0.244980 0.000000 0.025014 0.254262 0.966812 0.000000 1.088386 -0.651784 -1.407823 1.000000
aniFrame
  m_time 1.933000
  m_vertexTransformMat 0.985896 0.165228 -0.026614 0.000000 -0.165856 0.943360 -0.287340 0.000000 -0.022370 0.287701 0.957459 0.000000 0.969299 -0.813583 -0.467523 1.000000
aniFrame
  m_time 2.033000
  m_vertexTransformMat 0.985396 0.150320 0.079990 0.000000 -0.125176 0.957953 -0.258183 0.000000 -0.115437 0.244399 0.962779 0.000000 0.441610 -1.038997 -0.071879 1.000000
aniFrame
  m_time 2.133000
  m_vertexTransformMat 0.976880 0.131925 0.168229 0.000000 -0.089959 0.967499 -0.236334 0.000000 -0.193940 0.215736 0.956998 0.000000 -0.738525 -1.219530 -0.287196 1.000000
aniFrame
  m_time 2.133000
  m_vertexTransformMat 0.976880 0.131925 0.168229 0.000000 -0.089959 0.967499 -0.236334 0.000000 -0.193940 0.215736 0.956998 0.000000 -0.738525 -1.219530 -0.287196 1.000000
