m_aniFrameList.size 34
aniFrame
  m_time -1.066000
  m_vertexTransformMat 0.949505 -0.045112 0.310491 0.000000 0.047303 0.998881 0.000473 0.000000 -0.310165 0.014238 0.950577 0.000000 -1.102012 0.454985 -0.744917 1.000000
aniFrame
  m_time -0.966000
  m_vertexTransformMat 0.843917 0.189044 0.502062 0.000000 -0.198950 0.979407 -0.034365 0.000000 -0.498220 -0.070884 0.864149 0.000000 -1.396558 0.484355 -1.688804 1.000000
aniFrame
  m_time -0.866000
  m_vertexTransformMat 0.882137 0.214893 0.419113 0.000000 -0.217892 0.975097 -0.041353 0.000000 -0.417562 -0.054843 0.906992 0.000000 -0.212022 1.040128 -0.946197 1.000000
aniFrame
  m_time -0.766000
  m_vertexTransformMat 0.950251 0.133333 0.281505 0.000000 -0.134117 0.990827 -0.016574 0.000000 -0.281132 -0.022005 0.959417 0.000000 0.409753 1.155588 0.122454 1.000000
aniFrame
  m_time -0.666000
  m_vertexTransformMat 0.936911 0.086430 0.338714 0.000000 -0.097088 0.995169 0.014617 0.000000 -0.335814 -0.046580 0.940776 0.000000 -0.965839 0.607158 -0.261123 1.000000
aniFrame
  m_time -0.566000
  m_vertexTransformMat 0.969470 0.211281 0.124455 0.000000 -0.216820 0.975667 0.032624 0.000000 -0.114533 -0.058612 0.991689 0.000000 0.124533 0.462239 -0.581998 1.000000
aniFrame
  m_time -0.466000
  m_vertexTransformMat 0.961714 0.270884 -0.041579 0.000000 -0.267388 0.960716 0.074360 0.000000 0.060088 -0.060395 0.996365 0.000000 0.502642 0.526083 -1.229093 1.000000
aniFrame
  m_time -0.366000
  m_vertexTransformMat 0.922783 0.312000 -0.226115 0.000000 -0.290591 0.948863 0.123357 0.000000 0.253040 -0.048125 0.966258 0.000000 1.199183 1.079581 -1.555793 1.000000
aniFrame
  m_time -0.266000
  m_vertexTransformMat 0.829552 0.349092 -0.435865 0.000000 -0.337910 0.935202 0.105900 0.000000 0.444591 0.059433 0.893760 0.000000 3.501895 1.982628 -1.436565 1.000000
aniFrame
  m_time -0.166000
  m_vertexTransformMat 0.943727 0.262594 -0.201055 0.000000 -0.262331 0.964559 0.028443 0.000000 0.201398 0.025901 0.979167 0.000000 2.947303 1.313344 -0.132164 1.000000
aniFrame
  m_time -0.066000
  m_vertexTransformMat 0.990970 0.057618 0.121073 0.000000 -0.057834 0.998325 -0.001734 0.000000 -0.120970 -0.005284 0.992643 0.000000 0.589544 0.513573 -0.157738 1.000000
aniFrame
  m_time 0.033000
  m_vertexTransformMat 0.922153 -0.000220 0.386828 0.000000 0.003418 0.999966 -0.007579 0.000000 -0.386813 0.008311 0.922121 0.000000 -1.464552 0.449395 -1.070711 1.000000
aniFrame
  m_time 0.133000
  m_vertexTransformMat 0.821176 0.230802 0.521920 0.000000 -0.242901 0.968945 -0.046310 0.000000 -0.516400 -0.088746 0.851737 0.000000 -1.281121 0.477789 -1.726481 1.000000
aniFrame
  m_time 0.233000
  m_vertexTransformMat 0.924083 0.182537 0.335785 0.000000 -0.181847 0.982747 -0.033790 0.000000 -0.336159 -0.029837 0.941333 0.000000 0.335104 1.226249 -0.429749 1.000000
aniFrame
  m_time 0.333000
  m_vertexTransformMat 0.943961 0.107582 0.312033 0.000000 -0.111774 0.993724 -0.004475 0.000000 -0.310556 -0.030654 0.950062 0.000000 -0.127297 0.974320 0.070455 1.000000
aniFrame
  m_time 0.433000
  m_vertexTransformMat 0.950561 0.113086 0.289217 0.000000 -0.123731 0.992140 0.018731 0.000000 -0.284825 -0.053590 0.957081 0.000000 -0.795775 0.491068 -0.350925 1.000000
aniFrame
  m_time 0.533000
  m_vertexTransformMat 0.967291 0.248341 0.051722 0.000000 -0.250576 0.967169 0.042390 0.000000 -0.039496 -0.053964 0.997762 0.000000 0.460384 0.504315 -0.743173 1.000000
aniFrame
  m_time 0.633000
  m_vertexTransformMat 0.957501 0.275396 -0.085736 0.000000 -0.267339 0.958946 0.094619 0.000000 0.108273 -0.067677 0.991815 0.000000 0.488140 0.587101 -1.428381 1.000000
aniFrame
  m_time 0.733000
  m_vertexTransformMat 0.882793 0.338753 -0.325460 0.000000 -0.314758 0.940839 0.125503 0.000000 0.348719 -0.008352 0.937191 0.000000 2.088946 1.503967 -1.620621 1.000000
aniFrame
  m_time 0.833000
  m_vertexTransformMat 0.855174 0.330503 -0.399307 0.000000 -0.325279 0.941967 0.083026 0.000000 0.403574 0.058884 0.913051 0.000000 3.579797 1.869282 -1.024129 1.000000
aniFrame
  m_time 0.933000
  m_vertexTransformMat 0.971997 0.216213 -0.092053 0.000000 -0.216284 0.976287 0.009331 0.000000 0.091888 0.010840 0.995711 0.000000 2.396470 1.010186 0.052067 1.000000
aniFrame
  m_time 1.033000
  m_vertexTransformMat 0.974391 -0.017547 0.224178 0.000000 0.017864 0.999841 0.000616 0.000000 -0.224153 0.003404 0.974548 0.000000 -0.402617 0.443959 -0.447352 1.000000
aniFrame
  m_time 1.133000
  m_vertexTransformMat 0.885609 0.089771 0.455673 0.000000 -0.089594 0.995735 -0.022039 0.000000 -0.455708 -0.021307 0.889875 0.000000 -1.604325 0.407921 -1.431412 1.000000
aniFrame
  m_time 1.233000
  m_vertexTransformMat 0.838299 0.235087 0.491923 0.000000 -0.244700 0.968515 -0.045849 0.000000 -0.487213 -0.081939 0.869431 0.000000 -0.828544 0.719851 -1.441265 1.000000
aniFrame
  m_time 1.333000
  m_vertexTransformMat 0.946815 0.155593 0.281661 0.000000 -0.154651 0.987635 -0.025714 0.000000 -0.282179 -0.019213 0.959170 0.000000 0.612335 1.260502 -0.041270 1.000000
aniFrame
  m_time 1.433000
  m_vertexTransformMat 0.935803 0.088184 0.341315 0.000000 -0.096410 0.995316 0.007178 0.000000 -0.339084 -0.039623 0.939922 0.000000 -0.691023 0.778035 -0.106307 1.000000
aniFrame
  m_time 1.533000
  m_vertexTransformMat 0.964267 0.160307 0.210928 0.000000 -0.169130 0.985294 0.024353 0.000000 -0.203921 -0.059157 0.977199 0.000000 -0.363703 0.443063 -0.446160 1.000000
aniFrame
  m_time 1.633000
  m_vertexTransformMat 0.964327 0.264712 0.000820 0.000000 -0.264346 0.962819 0.055694 0.000000 0.013954 -0.053924 0.998448 0.000000 0.542100 0.516463 -0.966682 1.000000
aniFrame
  m_time 1.733000
  m_vertexTransformMat 0.947467 0.286908 -0.141391 0.000000 -0.272601 0.955553 0.112283 0.000000 0.167322 -0.067841 0.983566 0.000000 0.638107 0.753585 -1.514490 1.000000
aniFrame
  m_time 1.833000
  m_vertexTransformMat 0.843435 0.352836 -0.405124 0.000000 -0.333692 0.935058 0.119654 0.000000 0.421032 0.034266 0.906399 0.000000 2.969202 1.855722 -1.621757 1.000000
aniFrame
  m_time 1.933000
  m_vertexTransformMat 0.901058 0.302645 -0.310646 0.000000 -0.299466 0.952274 0.059118 0.000000 0.313712 0.039759 0.948686 0.000000 3.405718 1.676074 -0.536394 1.000000
aniFrame
  m_time 2.033000
  m_vertexTransformMat 0.987141 0.159535 0.010083 0.000000 -0.159595 0.987168 0.005437 0.000000 -0.009086 -0.006976 0.999935 0.000000 1.725371 0.854992 0.011142 1.000000
aniFrame
  m_time 2.133000
  m_vertexTransformMat 0.949505 -0.045112 0.310491 0.000000 0.047303 0.998881 0.000473 0.000000 -0.310165 0.014238 0.950577 0.000000 -1.102012 0.454982 -0.744918 1.000000
aniFrame
  m_time 2.133000
  m_vertexTransformMat 0.949505 -0.045112 0.310491 0.000000 0.047303 0.998881 0.000473 0.000000 -0.310165 0.014238 0.950577 0.000000 -1.102012 0.454982 -0.744918 1.000000
