m_aniFrameList.size 34
aniFrame
  m_time -1.066000
  m_vertexTransformMat 0.183075 -0.315343 -0.931151 0.000000 -0.625933 0.692981 -0.357751 0.000000 0.758084 0.648333 -0.070516 0.000000 13.744207 8.643237 -3.816712 1.000000
aniFrame
  m_time -0.966000
  m_vertexTransformMat 0.233180 -0.605995 -0.760524 0.000000 -0.399633 0.653271 -0.643063 0.000000 0.886521 0.453880 -0.089846 0.000000 13.045237 11.417118 -7.300138 1.000000
aniFrame
  m_time -0.866000
  m_vertexTransformMat 0.219826 -0.740873 -0.634654 0.000000 -0.287536 0.572460 -0.767863 0.000000 0.932202 0.351282 -0.087186 0.000000 13.361071 13.270114 -9.195221 1.000000
aniFrame
  m_time -0.766000
  m_vertexTransformMat 0.179013 -0.634241 -0.752125 0.000000 -0.466057 0.618592 -0.632563 0.000000 0.866455 0.463770 -0.184856 0.000000 13.154040 14.870988 -8.193908 1.000000
aniFrame
  m_time -0.666000
  m_vertexTransformMat 0.069691 -0.438299 -0.896123 0.000000 -0.720067 0.599597 -0.349266 0.000000 0.690396 0.669610 -0.273818 0.000000 12.390149 16.490841 -7.252060 1.000000
aniFrame
  m_time -0.566000
  m_vertexTransformMat -0.099511 -0.251530 -0.962720 0.000000 -0.867945 0.495076 -0.039634 0.000000 0.486589 0.831644 -0.267579 0.000000 12.226960 17.194550 -6.654701 1.000000
aniFrame
  m_time -0.466000
  m_vertexTransformMat -0.273657 -0.061965 -0.959830 0.000000 -0.821335 0.534360 0.199673 0.000000 0.500521 0.842983 -0.197125 0.000000 15.915833 14.304427 -6.922815 1.000000
aniFrame
  m_time -0.366000
  m_vertexTransformMat -0.313554 0.193344 -0.929678 0.000000 -0.613556 0.705979 0.353756 0.000000 0.724730 0.681331 -0.102735 0.000000 20.233639 6.342921 -7.299762 1.000000
aniFrame
  m_time -0.266000
  m_vertexTransformMat -0.203359 0.185231 -0.961423 0.000000 -0.592890 0.758145 0.271474 0.000000 0.779184 0.625224 -0.044354 0.000000 19.691067 4.294940 -5.186698 1.000000
aniFrame
  m_time -0.166000
  m_vertexTransformMat -0.050702 0.033955 -0.998137 0.000000 -0.646378 0.760755 0.058713 0.000000 0.761331 0.648150 -0.016624 0.000000 17.721342 5.237465 -2.828235 1.000000
aniFrame
  m_time -0.066000
  m_vertexTransformMat 0.104561 -0.177340 -0.978580 0.000000 -0.660855 0.722924 -0.201622 0.000000 0.743194 0.667781 -0.041606 0.000000 15.148960 7.301346 -2.783457 1.000000
aniFrame
  m_time 0.033000
  m_vertexTransformMat 0.213285 -0.396090 -0.893097 0.000000 -0.579691 0.684522 -0.442026 0.000000 0.786427 0.611998 -0.083611 0.000000 13.244724 9.373347 -4.641701 1.000000
aniFrame
  m_time 0.133000
  m_vertexTransformMat 0.240635 -0.678323 -0.694243 0.000000 -0.341015 0.610577 -0.714776 0.000000 0.908738 0.408747 -0.084392 0.000000 12.950143 11.989494 -8.292535 1.000000
aniFrame
  m_time 0.233000
  m_vertexTransformMat 0.210506 -0.720317 -0.660932 0.000000 -0.326472 0.585468 -0.742054 0.000000 0.921468 0.371982 -0.111919 0.000000 13.373466 13.761781 -8.946331 1.000000
aniFrame
  m_time 0.333000
  m_vertexTransformMat 0.151915 -0.574146 -0.804536 0.000000 -0.552588 0.625550 -0.550757 0.000000 0.819493 0.528245 -0.222235 0.000000 12.930718 15.448425 -7.833028 1.000000
aniFrame
  m_time 0.433000
  m_vertexTransformMat 0.016601 -0.370714 -0.928599 0.000000 -0.787117 0.567869 -0.240775 0.000000 0.616581 0.734913 -0.282368 0.000000 12.178666 16.879435 -7.006168 1.000000
aniFrame
  m_time 0.533000
  m_vertexTransformMat -0.154776 -0.202144 -0.967049 0.000000 -0.880660 0.471855 0.042317 0.000000 0.447753 0.858190 -0.251051 0.000000 12.643692 17.035954 -6.584245 1.000000
aniFrame
  m_time 0.633000
  m_vertexTransformMat -0.315477 0.032580 -0.948374 0.000000 -0.753221 0.599281 0.271147 0.000000 0.577176 0.799876 -0.164519 0.000000 18.006899 11.707381 -7.261730 1.000000
aniFrame
  m_time 0.733000
  m_vertexTransformMat -0.283408 0.219719 -0.933490 0.000000 -0.583125 0.733294 0.349635 0.000000 0.761344 0.643431 -0.079697 0.000000 20.332645 4.929711 -6.829187 1.000000
aniFrame
  m_time 0.833000
  m_vertexTransformMat -0.155502 0.145857 -0.977008 0.000000 -0.609846 0.763887 0.211104 0.000000 0.777115 0.628651 -0.029836 0.000000 19.146679 4.399459 -4.264429 1.000000
aniFrame
  m_time 0.933000
  m_vertexTransformMat 0.003228 -0.033461 -0.999435 0.000000 -0.658880 0.751753 -0.027297 0.000000 0.752241 0.658596 -0.019620 0.000000 16.887182 5.870537 -2.515655 1.000000
aniFrame
  m_time 1.033000
  m_vertexTransformMat 0.147686 -0.248315 -0.957355 0.000000 -0.648190 0.706809 -0.283322 0.000000 0.747019 0.662391 -0.056570 0.000000 14.375122 8.002889 -3.249442 1.000000
aniFrame
  m_time 1.133000
  m_vertexTransformMat 0.235698 -0.496442 -0.835459 0.000000 -0.504969 0.671951 -0.541745 0.000000 0.830333 0.549569 -0.092311 0.000000 12.910036 10.264342 -5.829187 1.000000
aniFrame
  m_time 1.233000
  m_vertexTransformMat 0.229996 -0.729531 -0.644118 0.000000 -0.291101 0.579987 -0.760839 0.000000 0.928635 0.362493 -0.078973 0.000000 13.202652 12.678521 -9.020534 1.000000
aniFrame
  m_time 1.333000
  m_vertexTransformMat 0.197797 -0.683970 -0.702183 0.000000 -0.388190 0.603116 -0.696822 0.000000 0.900103 0.410410 -0.146216 0.000000 13.302463 14.300277 -8.588455 1.000000
aniFrame
  m_time 1.433000
  m_vertexTransformMat 0.115374 -0.507441 -0.853928 0.000000 -0.639805 0.619629 -0.454654 0.000000 0.759829 0.598802 -0.253174 0.000000 12.659800 16.000725 -7.528195 1.000000
aniFrame
  m_time 1.533000
  m_vertexTransformMat -0.041015 -0.307843 -0.950553 0.000000 -0.836920 0.530259 -0.135616 0.000000 0.545787 0.789974 -0.279389 0.000000 12.097514 17.127195 -6.801168 1.000000
aniFrame
  m_time 1.633000
  m_vertexTransformMat -0.213802 -0.143179 -0.966327 0.000000 -0.866677 0.484221 0.120008 0.000000 0.450734 0.863151 -0.227617 0.000000 13.872889 16.170958 -6.655540 1.000000
aniFrame
  m_time 1.733000
  m_vertexTransformMat -0.328209 0.124466 -0.936369 0.000000 -0.677212 0.660067 0.325110 0.000000 0.658531 0.740824 -0.132350 0.000000 19.513468 8.838770 -7.439893 1.000000
aniFrame
  m_time 1.833000
  m_vertexTransformMat -0.246955 0.209741 -0.946056 0.000000 -0.580837 0.749434 0.317769 0.000000 0.775656 0.627979 -0.063251 0.000000 20.094353 4.462194 -6.099963 1.000000
aniFrame
  m_time 1.933000
  m_vertexTransformMat -0.109786 0.086141 -0.990216 0.000000 -0.611870 0.779243 0.135627 0.000000 0.783302 0.620773 -0.032843 0.000000 18.585608 4.884550 -3.624223 1.000000
aniFrame
  m_time 2.033000
  m_vertexTransformMat 0.045933 -0.117801 -0.991974 0.000000 -0.640397 0.758651 -0.119746 0.000000 0.766669 0.640758 -0.040593 0.000000 16.235575 6.871638 -2.763491 1.000000
aniFrame
  m_time 2.133000
  m_vertexTransformMat 0.183075 -0.315343 -0.931151 0.000000 -0.625933 0.692981 -0.357751 0.000000 0.758084 0.648333 -0.070516 0.000000 13.744205 8.643237 -3.816716 1.000000
aniFrame
  m_time 2.133000
  m_vertexTransformMat 0.183075 -0.315343 -0.931151 0.000000 -0.625933 0.692981 -0.357751 0.000000 0.758084 0.648333 -0.070516 0.000000 13.744205 8.643237 -3.816716 1.000000
