m_aniFrameList.size 34
aniFrame
  m_time -1.066000
  m_vertexTransformMat -0.576916 0.792443 0.197992 0.000000 0.814170 0.577354 0.061557 0.000000 -0.065531 0.196712 -0.978269 0.000000 -18.999172 24.896791 -32.653191 1.000000
aniFrame
  m_time -0.966000
  m_vertexTransformMat -0.781384 0.570836 0.252162 0.000000 0.623641 0.728932 0.282368 0.000000 -0.022623 0.377896 -0.925572 0.000000 -24.238358 21.807222 -31.984751 1.000000
aniFrame
  m_time -0.866000
  m_vertexTransformMat -0.874897 0.382691 0.296822 0.000000 0.476331 0.790725 0.384531 0.000000 -0.087548 0.477811 -0.874090 0.000000 -27.973175 18.032682 -30.235527 1.000000
aniFrame
  m_time -0.766000
  m_vertexTransformMat -0.835872 0.398278 0.377745 0.000000 0.507441 0.823077 0.255046 0.000000 -0.209334 0.404869 -0.890090 0.000000 -29.960327 15.491403 -27.313171 1.000000
aniFrame
  m_time -0.666000
  m_vertexTransformMat -0.749944 0.505485 0.426696 0.000000 0.566929 0.823503 0.020849 0.000000 -0.340847 0.257542 -0.904155 0.000000 -30.964054 13.426270 -25.389629 1.000000
aniFrame
  m_time -0.566000
  m_vertexTransformMat -0.680261 0.609250 0.407504 0.000000 0.564182 0.790145 -0.239518 0.000000 -0.467914 0.066972 -0.881233 0.000000 -31.660877 10.906150 -24.950214 1.000000
aniFrame
  m_time -0.466000
  m_vertexTransformMat -0.697478 0.622783 0.354493 0.000000 0.416901 0.754998 -0.506134 0.000000 -0.582853 -0.205228 -0.786234 0.000000 -33.144993 5.872307 -24.514256 1.000000
aniFrame
  m_time -0.366000
  m_vertexTransformMat -0.760453 0.570879 0.309529 0.000000 0.193098 0.653868 -0.731553 0.000000 -0.620020 -0.496542 -0.607471 0.000000 -34.260864 0.333628 -22.531521 1.000000
aniFrame
  m_time -0.266000
  m_vertexTransformMat -0.761506 0.590463 0.267325 0.000000 0.291092 0.680059 -0.672894 0.000000 -0.579116 -0.434596 -0.689748 0.000000 -33.424660 3.687080 -24.861223 1.000000
aniFrame
  m_time -0.166000
  m_vertexTransformMat -0.704837 0.677965 0.208728 0.000000 0.552762 0.709330 -0.437384 0.000000 -0.444589 -0.192907 -0.874716 0.000000 -29.346771 12.345952 -29.547209 1.000000
aniFrame
  m_time -0.066000
  m_vertexTransformMat -0.608374 0.771084 0.187914 0.000000 0.765171 0.632723 -0.119060 0.000000 -0.210703 0.071353 -0.974943 0.000000 -22.409176 21.326111 -32.352776 1.000000
aniFrame
  m_time 0.033000
  m_vertexTransformMat -0.603834 0.769296 0.208729 0.000000 0.796989 0.587233 0.141299 0.000000 -0.013871 0.251676 -0.967712 0.000000 -18.915321 25.402687 -32.581215 1.000000
aniFrame
  m_time 0.133000
  m_vertexTransformMat -0.815117 0.520453 0.254385 0.000000 0.579291 0.734111 0.354265 0.000000 -0.002369 0.436130 -0.899880 0.000000 -24.757963 21.589890 -31.773554 1.000000
aniFrame
  m_time 0.233000
  m_vertexTransformMat -0.870286 0.372493 0.322259 0.000000 0.476023 0.804129 0.356061 0.000000 -0.126508 0.463278 -0.877137 0.000000 -28.766846 17.078228 -29.324291 1.000000
aniFrame
  m_time 0.333000
  m_vertexTransformMat -0.809686 0.428371 0.401132 0.000000 0.529772 0.827594 0.185554 0.000000 -0.252489 0.362748 -0.897030 0.000000 -30.381731 14.796968 -26.466885 1.000000
aniFrame
  m_time 0.433000
  m_vertexTransformMat -0.721480 0.545100 0.427005 0.000000 0.575603 0.814919 -0.067741 0.000000 -0.384900 0.196912 -0.901708 0.000000 -31.183430 12.676765 -25.127975 1.000000
aniFrame
  m_time 0.533000
  m_vertexTransformMat -0.671690 0.628052 0.392916 0.000000 0.542602 0.778171 -0.316281 0.000000 -0.504397 0.000754 -0.863471 0.000000 -31.971701 9.850980 -24.895746 1.000000
aniFrame
  m_time 0.633000
  m_vertexTransformMat -0.721985 0.604971 0.335780 0.000000 0.326836 0.725930 -0.605148 0.000000 -0.609850 -0.327163 -0.721836 0.000000 -33.693810 3.435030 -23.925261 1.000000
aniFrame
  m_time 0.733000
  m_vertexTransformMat -0.767659 0.566863 0.298942 0.000000 0.188638 0.645676 -0.739945 0.000000 -0.612467 -0.511634 -0.602591 0.000000 -34.225498 0.491886 -22.656277 1.000000
aniFrame
  m_time 0.833000
  m_vertexTransformMat -0.749681 0.614008 0.246926 0.000000 0.371280 0.699076 -0.611100 0.000000 -0.547841 -0.366451 -0.752053 0.000000 -32.520943 6.188908 -26.420311 1.000000
aniFrame
  m_time 0.933000
  m_vertexTransformMat -0.673372 0.712923 0.195734 0.000000 0.638109 0.694163 -0.333100 0.000000 -0.373345 -0.099400 -0.922352 0.000000 -27.149117 15.596391 -30.823336 1.000000
aniFrame
  m_time 1.033000
  m_vertexTransformMat -0.585461 0.787709 0.191702 0.000000 0.799847 0.599805 -0.021868 0.000000 -0.132209 0.140529 -0.981209 0.000000 -20.388460 23.442802 -32.615005 1.000000
aniFrame
  m_time 1.133000
  m_vertexTransformMat -0.668769 0.709256 0.222942 0.000000 0.743253 0.630564 0.223525 0.000000 0.017957 0.315189 -0.948859 0.000000 -20.271847 24.887211 -32.457031 1.000000
aniFrame
  m_time 1.233000
  m_vertexTransformMat -0.859479 0.431438 0.274150 0.000000 0.509233 0.769328 0.385768 0.000000 -0.044477 0.471165 -0.880923 0.000000 -26.697184 19.545547 -31.063305 1.000000
aniFrame
  m_time 1.333000
  m_vertexTransformMat -0.856681 0.378593 0.350379 0.000000 0.487977 0.815007 0.312476 0.000000 -0.167260 0.438669 -0.882946 0.000000 -29.428339 16.241360 -28.307171 1.000000
aniFrame
  m_time 1.433000
  m_vertexTransformMat -0.780230 0.465344 0.417968 0.000000 0.550769 0.827842 0.106455 0.000000 -0.296473 0.313263 -0.902203 0.000000 -30.709232 14.121275 -25.830141 1.000000
aniFrame
  m_time 1.533000
  m_vertexTransformMat -0.697470 0.580717 0.419885 0.000000 0.575023 0.803190 -0.155675 0.000000 -0.427651 0.132865 -0.894126 0.000000 -31.405018 11.843702 -25.002541 1.000000
aniFrame
  m_time 1.633000
  m_vertexTransformMat -0.677740 0.632432 0.375098 0.000000 0.494973 0.769639 -0.403309 0.000000 -0.543756 -0.087675 -0.834651 0.000000 -32.488808 8.203917 -24.799665 1.000000
aniFrame
  m_time 1.733000
  m_vertexTransformMat -0.744357 0.585556 0.321024 0.000000 0.245446 0.686985 -0.683965 0.000000 -0.621038 -0.430321 -0.655085 0.000000 -34.071205 1.439717 -23.135559 1.000000
aniFrame
  m_time 1.833000
  m_vertexTransformMat -0.767886 0.572391 0.287611 0.000000 0.224060 0.660613 -0.716510 0.000000 -0.600123 -0.485757 -0.635525 0.000000 -33.988163 1.648375 -23.453657 1.000000
aniFrame
  m_time 1.933000
  m_vertexTransformMat -0.747093 0.616475 0.248617 0.000000 0.420043 0.727712 -0.542217 0.000000 -0.515185 -0.300657 -0.802614 0.000000 -31.809597 7.813855 -27.212566 1.000000
aniFrame
  m_time 2.033000
  m_vertexTransformMat -0.681934 0.699804 0.212698 0.000000 0.656384 0.713829 -0.244149 0.000000 -0.322687 -0.026882 -0.946124 0.000000 -26.504902 16.713469 -31.055923 1.000000
aniFrame
  m_time 2.133000
  m_vertexTransformMat -0.576916 0.792443 0.197992 0.000000 0.814170 0.577354 0.061557 0.000000 -0.065531 0.196712 -0.978269 0.000000 -18.999172 24.896795 -32.653191 1.000000
aniFrame
  m_time 2.133000
  m_vertexTransformMat -0.576916 0.792443 0.197992 0.000000 0.814170 0.577354 0.061557 0.000000 -0.065531 0.196712 -0.978269 0.000000 -18.999172 24.896795 -32.653191 1.000000
