m_aniFrameList.size 34
aniFrame
  m_time -1.066000
  m_vertexTransformMat 0.755942 0.454933 -0.470730 0.000000 -0.567532 0.813826 -0.124880 0.000000 0.326280 0.361557 0.873395 0.000000 -3.521673 -10.889791 -4.316112 1.000000
aniFrame
  m_time -0.966000
  m_vertexTransformMat 0.895775 0.153348 -0.417220 0.000000 -0.348005 0.825892 -0.443616 0.000000 0.276551 0.542575 0.793179 0.000000 -7.927290 -4.020486 -5.983861 1.000000
aniFrame
  m_time -0.866000
  m_vertexTransformMat 0.932333 0.001600 -0.361598 0.000000 -0.231844 0.770048 -0.594370 0.000000 0.277497 0.637985 0.718312 0.000000 -9.118361 0.210006 -7.193119 1.000000
aniFrame
  m_time -0.766000
  m_vertexTransformMat 0.853526 0.149659 -0.499095 0.000000 -0.400930 0.800415 -0.445636 0.000000 0.332789 0.580465 0.743177 0.000000 -7.320664 -0.830366 -4.431863 1.000000
aniFrame
  m_time -0.666000
  m_vertexTransformMat 0.644828 0.419857 -0.638683 0.000000 -0.637760 0.756107 -0.146848 0.000000 0.421257 0.502018 0.755327 0.000000 -3.287607 -3.777113 -2.423319 1.000000
aniFrame
  m_time -0.566000
  m_vertexTransformMat 0.386296 0.645706 -0.658665 0.000000 -0.760613 0.626950 0.168528 0.000000 0.521770 0.435887 0.733320 0.000000 1.581677 -6.327110 -3.006649 1.000000
aniFrame
  m_time -0.466000
  m_vertexTransformMat 0.323891 0.738467 -0.591406 0.000000 -0.671671 0.619717 0.405968 0.000000 0.666298 0.265741 0.696728 0.000000 4.190214 -8.952441 -5.686937 1.000000
aniFrame
  m_time -0.366000
  m_vertexTransformMat 0.510845 0.705199 -0.491661 0.000000 -0.437841 0.705610 0.557145 0.000000 0.739819 -0.069345 0.669223 0.000000 2.073841 -12.309967 -8.779860 1.000000
aniFrame
  m_time -0.266000
  m_vertexTransformMat 0.607880 0.651668 -0.453664 0.000000 -0.439054 0.751915 0.491788 0.000000 0.661600 -0.099765 0.743192 0.000000 0.459816 -13.076141 -8.068355 1.000000
aniFrame
  m_time -0.166000
  m_vertexTransformMat 0.657368 0.606815 -0.446814 0.000000 -0.529793 0.793815 0.298625 0.000000 0.535897 0.040412 0.843315 0.000000 -0.385619 -13.253842 -6.007628 1.000000
aniFrame
  m_time -0.066000
  m_vertexTransformMat 0.708140 0.532565 -0.463586 0.000000 -0.583597 0.811045 0.040264 0.000000 0.397432 0.242036 0.885137 0.000000 -1.916871 -12.330206 -4.588763 1.000000
aniFrame
  m_time 0.033000
  m_vertexTransformMat 0.795059 0.387116 -0.466929 0.000000 -0.527330 0.821537 -0.216797 0.000000 0.299674 0.418593 0.857308 0.000000 -4.763345 -9.483350 -4.457595 1.000000
aniFrame
  m_time 0.133000
  m_vertexTransformMat 0.919641 0.080889 -0.384341 0.000000 -0.290966 0.797613 -0.528349 0.000000 0.263818 0.597721 0.757054 0.000000 -8.717384 -2.429046 -6.704055 1.000000
aniFrame
  m_time 0.233000
  m_vertexTransformMat 0.918213 0.029298 -0.395003 0.000000 -0.268237 0.779764 -0.565701 0.000000 0.291435 0.625388 0.723848 0.000000 -8.762906 0.207338 -6.464990 1.000000
aniFrame
  m_time 0.333000
  m_vertexTransformMat 0.798554 0.233874 -0.554630 0.000000 -0.482704 0.799291 -0.357954 0.000000 0.359595 0.553568 0.751168 0.000000 -6.209399 -1.720669 -3.499817 1.000000
aniFrame
  m_time 0.433000
  m_vertexTransformMat 0.554600 0.507657 -0.659320 0.000000 -0.697260 0.715952 -0.035252 0.000000 0.454145 0.479268 0.751036 0.000000 -1.613652 -4.752958 -2.346691 1.000000
aniFrame
  m_time 0.533000
  m_vertexTransformMat 0.327219 0.690782 -0.644785 0.000000 -0.763494 0.595324 0.250331 0.000000 0.556780 0.410376 0.722210 0.000000 2.838196 -6.938139 -3.585229 1.000000
aniFrame
  m_time 0.633000
  m_vertexTransformMat 0.375570 0.741261 -0.556308 0.000000 -0.587662 0.654622 0.475524 0.000000 0.716659 0.148328 0.681468 0.000000 3.991337 -10.278937 -7.006986 1.000000
aniFrame
  m_time 0.733000
  m_vertexTransformMat 0.557223 0.682757 -0.472594 0.000000 -0.411985 0.721471 0.556550 0.000000 0.720951 -0.115421 0.683306 0.000000 1.258027 -12.726766 -8.904461 1.000000
aniFrame
  m_time 0.833000
  m_vertexTransformMat 0.626571 0.637758 -0.447966 0.000000 -0.467307 0.767430 0.438947 0.000000 0.623725 -0.065694 0.778878 0.000000 0.177645 -13.210777 -7.419476 1.000000
aniFrame
  m_time 0.933000
  m_vertexTransformMat 0.672411 0.586926 -0.450978 0.000000 -0.555981 0.802714 0.215721 0.000000 0.488618 0.105682 0.866073 0.000000 -0.767342 -13.099953 -5.403187 1.000000
aniFrame
  m_time 1.033000
  m_vertexTransformMat 0.730404 0.496788 -0.468734 0.000000 -0.581517 0.812275 -0.045259 0.000000 0.358256 0.305634 0.882179 0.000000 -2.672013 -11.694776 -4.388067 1.000000
aniFrame
  m_time 1.133000
  m_vertexTransformMat 0.845122 0.287244 -0.450844 0.000000 -0.456119 0.827301 -0.327916 0.000000 0.278792 0.482767 0.830187 0.000000 -6.340103 -7.302347 -4.967423 1.000000
aniFrame
  m_time 1.233000
  m_vertexTransformMat 0.933487 0.016697 -0.358223 0.000000 -0.238143 0.775723 -0.584416 0.000000 0.268124 0.630853 0.728103 0.000000 -9.140716 -0.649829 -7.280349 1.000000
aniFrame
  m_time 1.333000
  m_vertexTransformMat 0.892804 0.079862 -0.443309 0.000000 -0.326891 0.791977 -0.515669 0.000000 0.309908 0.605305 0.733187 0.000000 -8.171073 -0.161561 -5.483305 1.000000
aniFrame
  m_time 1.433000
  m_vertexTransformMat 0.728037 0.326299 -0.602904 0.000000 -0.564182 0.784784 -0.256544 0.000000 0.389439 0.526920 0.755442 0.000000 -4.850057 -2.736800 -2.815452 1.000000
aniFrame
  m_time 1.533000
  m_vertexTransformMat 0.465315 0.584123 -0.665043 0.000000 -0.738709 0.670191 0.071787 0.000000 0.487638 0.457870 0.743347 0.000000 0.053294 -5.607578 -2.562507 1.000000
aniFrame
  m_time 1.633000
  m_vertexTransformMat 0.304479 0.720929 -0.622538 0.000000 -0.735282 0.593368 0.327529 0.000000 0.605519 0.358015 0.710754 0.000000 3.750631 -7.758010 -4.454819 1.000000
aniFrame
  m_time 1.733000
  m_vertexTransformMat 0.444170 0.728491 -0.521550 0.000000 -0.502649 0.684498 0.528022 0.000000 0.741659 0.027625 0.670209 0.000000 3.167710 -11.465629 -8.108477 1.000000
aniFrame
  m_time 1.833000
  m_vertexTransformMat 0.585939 0.664678 -0.463551 0.000000 -0.417163 0.737825 0.530651 0.000000 0.694731 -0.117553 0.709599 0.000000 0.772084 -12.872610 -8.560457 1.000000
aniFrame
  m_time 1.933000
  m_vertexTransformMat 0.651933 0.604947 -0.457191 0.000000 -0.479767 0.795982 0.369103 0.000000 0.587203 -0.021285 0.809160 0.000000 -0.379044 -12.769074 -6.555202 1.000000
aniFrame
  m_time 2.033000
  m_vertexTransformMat 0.704109 0.534382 -0.467617 0.000000 -0.547065 0.828069 0.122561 0.000000 0.452714 0.169521 0.875393 0.000000 -1.689200 -11.949823 -4.850042 1.000000
aniFrame
  m_time 2.133000
  m_vertexTransformMat 0.755942 0.454933 -0.470730 0.000000 -0.567532 0.813826 -0.124880 0.000000 0.326280 0.361557 0.873395 0.000000 -3.521677 -10.889788 -4.316106 1.000000
aniFrame
  m_time 2.133000
  m_vertexTransformMat 0.755942 0.454933 -0.470730 0.000000 -0.567532 0.813826 -0.124880 0.000000 0.326280 0.361557 0.873395 0.000000 -3.521677 -10.889788 -4.316106 1.000000
