 34
 -1.066000
 0.925990 -0.377534 -0.003181 0.000000 0.377183 0.924692 0.051746 0.000000 -0.016595 -0.049116 0.998656 0.000000 -0.715873 -2.099774 -1.219696 1.000000
 -0.966000
 0.945961 -0.321172 0.044783 0.000000 0.321657 0.946848 -0.003887 0.000000 -0.041154 0.018081 0.998989 0.000000 -1.557058 -1.113334 -1.878693 1.000000
 -0.866000
 0.969667 -0.235513 0.065414 0.000000 0.238988 0.969654 -0.051547 0.000000 -0.051289 0.065616 0.996526 0.000000 -1.552238 -0.350571 -1.538846 1.000000
 -0.766000
 0.996860 -0.077311 0.017098 0.000000 0.078092 0.995640 -0.051030 0.000000 -0.013078 0.052205 0.998551 0.000000 -0.891579 -0.421769 -0.652932 1.000000
 -0.666000
 0.991375 0.119766 -0.053211 0.000000 -0.120144 0.992749 -0.003970 0.000000 0.052350 0.010328 0.998575 0.000000 0.035436 -0.940996 -0.584879 1.000000
 -0.566000
 0.957324 0.268858 -0.106049 0.000000 -0.265832 0.963105 0.041972 0.000000 0.113420 -0.011989 0.993475 0.000000 0.984570 -1.241713 -1.109668 1.000000
 -0.466000
 0.956876 0.251317 -0.145700 0.000000 -0.250440 0.967819 0.024640 0.000000 0.147203 0.012912 0.989022 0.000000 1.892460 -0.926895 -1.820676 1.000000
 -0.366000
 0.985336 0.057843 -0.160524 0.000000 -0.066451 0.996596 -0.048784 0.000000 0.157156 0.058736 0.985826 0.000000 2.069499 -0.314242 -2.037184 1.000000
 -0.266000
 0.988182 -0.084960 -0.127585 0.000000 0.076753 0.994733 -0.067930 0.000000 0.132684 0.057335 0.989499 0.000000 1.609448 -0.340499 -1.261826 1.000000
 -0.166000
 0.973055 -0.217940 -0.075273 0.000000 0.216872 0.975948 -0.022171 0.000000 0.078294 0.005249 0.996916 0.000000 0.913754 -1.166174 -0.590243 1.000000
 -0.066000
 0.942851 -0.331998 -0.028451 0.000000 0.332857 0.942355 0.034261 0.000000 0.015436 -0.041774 0.999008 0.000000 -0.046058 -1.942629 -0.844606 1.000000
 0.033000
 0.923491 -0.383456 0.011193 0.000000 0.382559 0.922715 0.047379 0.000000 -0.028496 -0.039472 0.998814 0.000000 -1.059121 -1.974584 -1.430302 1.000000
 0.133000
 0.945279 -0.320633 0.060354 0.000000 0.321791 0.946755 -0.010292 0.000000 -0.053841 0.029150 0.998124 0.000000 -1.776503 -0.957490 -1.934747 1.000000
 0.233000
 0.980004 -0.191055 0.055588 0.000000 0.194213 0.979222 -0.058354 0.000000 -0.043284 0.067983 0.996747 0.000000 -1.381595 -0.274194 -1.228431 1.000000
 0.333000
 0.999905 -0.012074 -0.006720 0.000000 0.011806 0.999183 -0.038648 0.000000 0.007181 0.038565 0.999231 0.000000 -0.598833 -0.584079 -0.512988 1.000000
 0.433000
 0.981019 0.179473 -0.073422 0.000000 -0.178901 0.983763 0.014340 0.000000 0.074803 -0.000932 0.997198 0.000000 0.362662 -1.089427 -0.729763 1.000000
 0.533000
 0.949087 0.291734 -0.118851 0.000000 -0.288112 0.956443 0.046989 0.000000 0.127383 -0.010354 0.991800 0.000000 1.261567 -1.221277 -1.290424 1.000000
 0.633000
 0.968388 0.194140 -0.156637 0.000000 -0.196416 0.980520 0.000971 0.000000 0.153774 0.029826 0.987656 0.000000 2.131554 -0.709422 -2.066215 1.000000
 0.733000
 0.988189 0.001977 -0.153231 0.000000 -0.012143 0.997783 -0.065435 0.000000 0.152762 0.066522 0.986022 0.000000 1.927190 -0.196312 -1.833926 1.000000
 0.833000
 0.985404 -0.129252 -0.110782 0.000000 0.123518 0.990694 -0.057176 0.000000 0.117141 0.042658 0.992199 0.000000 1.402634 -0.571668 -0.971149 1.000000
 0.933000
 0.963862 -0.259920 -0.058408 0.000000 0.260258 0.965537 -0.001875 0.000000 0.056883 -0.013394 0.998291 0.000000 0.628010 -1.467540 -0.576041 1.000000
 1.033000
 0.933245 -0.358914 -0.015318 0.000000 0.359234 0.932101 0.046249 0.000000 -0.002321 -0.048665 0.998812 0.000000 -0.392145 -2.070797 -1.041198 1.000000
 1.133000
 0.926737 -0.374599 0.028894 0.000000 0.373656 0.926971 0.033263 0.000000 -0.039244 -0.020029 0.999029 0.000000 -1.413570 -1.698080 -1.687074 1.000000
 1.233000
 0.957319 -0.281023 0.067581 0.000000 0.283625 0.958387 -0.032423 0.000000 -0.055657 0.050207 0.997187 0.000000 -1.705978 -0.618292 -1.791594 1.000000
 1.333000
 0.989691 -0.137893 0.038685 0.000000 0.139987 0.988455 -0.057970 0.000000 -0.030244 0.062788 0.997569 0.000000 -1.159210 -0.307754 -0.912135 1.000000
 1.433000
 0.998030 0.054740 -0.030673 0.000000 -0.055436 0.998213 -0.022336 0.000000 0.029395 0.023993 0.999280 0.000000 -0.288962 -0.765566 -0.504701 1.000000
 1.533000
 0.968851 0.230320 -0.090993 0.000000 -0.228471 0.973077 0.030383 0.000000 0.095541 -0.008647 0.995388 0.000000 0.682147 -1.194094 -0.913662 1.000000
 1.633000
 0.948795 0.287022 -0.131930 0.000000 -0.284038 0.957923 0.041313 0.000000 0.138237 -0.001724 0.990398 0.000000 1.567295 -1.111286 -1.523843 1.000000
 1.733000
 0.978744 0.125854 -0.161932 0.000000 -0.131585 0.990987 -0.025124 0.000000 0.157311 0.045897 0.986482 0.000000 2.179263 -0.494834 -2.143097 1.000000
 1.833000
 0.989013 -0.040920 -0.142051 0.000000 0.030952 0.996947 -0.071682 0.000000 0.144551 0.066498 0.987260 0.000000 1.779793 -0.194905 -1.563969 1.000000
 1.933000
 0.983398 -0.154167 -0.095714 0.000000 0.149976 0.987446 -0.049581 0.000000 0.102156 0.034403 0.994173 0.000000 1.242131 -0.703341 -0.734229 1.000000
 2.033000
 0.963368 -0.264418 -0.044782 0.000000 0.264691 0.964333 0.000172 0.000000 0.043139 -0.012019 0.998997 0.000000 0.423289 -1.460922 -0.670356 1.000000
 2.133000
 0.925990 -0.377534 -0.003181 0.000000 0.377183 0.924692 0.051746 0.000000 -0.016595 -0.049116 0.998656 0.000000 -0.715873 -2.099774 -1.219696 1.000000
 2.133000
 0.925990 -0.377534 -0.003181 0.000000 0.377183 0.924692 0.051746 0.000000 -0.016595 -0.049116 0.998656 0.000000 -0.715873 -2.099774 -1.219696 1.000000
